# eta_L = 0.000000000000000e+00
# eta_B = 1.670000000000000e-22
# T_R = 2.959439359568066e+11
# T_S = 6.794432215681415e+12
#x_sph = 1.000000000000000e+00
# m_nu = 3.500000000000000e-10
#	T		U_m		U_p
	1.100000000000000e+01		3.304720169438701e-09		-6.893703354056569e-12
	1.104000000000000e+01		3.323353591711651e-09		-8.326789608835735e-12
	1.108000000000000e+01		3.344108358718766e-09		-1.006260613585965e-11
	1.112000000000000e+01		3.367258024628009e-09		-1.216673381561329e-11
	1.116000000000000e+01		3.393117569536681e-09		-1.471951469935455e-11
	1.120000000000000e+01		3.422050787794238e-09		-1.781956863571532e-11
	1.124000000000000e+01		3.454479185459488e-09		-2.158823213861331e-11
	1.128000000000000e+01		3.490892727206859e-09		-2.617513068912616e-11
	1.132000000000000e+01		3.531862854054568e-09		-3.176528534392599e-11
	1.136000000000000e+01		3.578058294301491e-09		-3.858818044213950e-11
	1.140000000000000e+01		3.630264314623404e-09		-4.692934553156773e-11
	1.144000000000000e+01		3.689406208796766e-09		-5.714538527455876e-11
	1.148000000000000e+01		3.756578005827868e-09		-6.968338578792628e-11
	1.152000000000000e+01		3.833077591009266e-09		-8.510637673774770e-11
	1.156000000000000e+01		3.920449678449747e-09		-1.041267437920614e-10
	1.160000000000000e+01		4.020538329320632e-09		-1.276504418037280e-10
	1.164000000000000e+01		4.135550948437853e-09		-1.568358366182895e-10
	1.168000000000000e+01		4.268135845062360e-09		-1.931723835971500e-10
	1.172000000000000e+01		4.421475384316356e-09		-2.385861634407508e-10
	1.176000000000000e+01		4.599396271314002e-09		-2.955813124623943e-10
	1.180000000000000e+01		4.806497214440388e-09		-3.674290382677134e-10
	1.184000000000000e+01		5.048291643174048e-09		-4.584162869952314e-10
	1.188000000000000e+01		5.331358515570285e-09		-5.741653062588868e-10
	1.192000000000000e+01		5.663486948393085e-09		-7.220266409361905e-10
	1.196000000000000e+01		6.053790090621853e-09		-9.115290807246947e-10
	1.200000000000000e+01		6.512750947740561e-09		-1.154838056714476e-09
	1.204000000000000e+01		7.052150838942899e-09		-1.467125499442304e-09
	1.208000000000000e+01		7.684822762314902e-09		-1.866713473954140e-09
	1.212000000000000e+01		8.424174943316602e-09		-2.374820593830089e-09
	1.216000000000000e+01		9.283447538123625e-09		-3.014755096570022e-09
	1.220000000000000e+01		1.027469899286931e-08		-3.810469223326177e-09
	1.224000000000000e+01		1.140756693694796e-08		-4.784502287758495e-09
	1.228000000000000e+01		1.268789839302571e-08		-5.955483812581066e-09
	1.232000000000000e+01		1.411638480373023e-08		-7.335493841452945e-09
	1.236000000000000e+01		1.568735728133808e-08		-8.927642281540440e-09
	1.240000000000000e+01		1.738789654875429e-08		-1.072421008511362e-08
	1.244000000000000e+01		1.919736117797633e-08		-1.270563524141908e-08
	1.248000000000000e+01		2.108741913491622e-08		-1.484044247557299e-08
	1.252000000000000e+01		2.302254976871815e-08		-1.708613124714084e-08
	1.256000000000000e+01		2.496097142511285e-08		-1.939085734100695e-08
	1.260000000000000e+01		2.685590030283413e-08		-2.169563740104593e-08
	1.264000000000000e+01		2.865699556217149e-08		-2.393683244968172e-08
	1.268000000000000e+01		3.031184940174640e-08		-2.604863995541041e-08
	1.272000000000000e+01		3.176741088209635e-08		-2.796535730788478e-08
	1.276000000000000e+01		3.297123269325962e-08		-2.962327272509292e-08
	1.280000000000000e+01		3.387248485640852e-08		-3.096207845986910e-08
	1.284000000000000e+01		3.442268707526621e-08		-3.192579131444292e-08
	1.288000000000000e+01		3.457610734806713e-08		-3.246324481314175e-08
	1.292000000000000e+01		3.428996972557640e-08		-3.252806794645805e-08
	1.296000000000000e+01		3.352429416546117e-08		-3.207844288600920e-08
	1.300000000000000e+01		3.224164474767134e-08		-3.107646598097260e-08
	1.304000000000000e+01		3.040660382398871e-08		-2.948742460624239e-08
	1.308000000000000e+01		2.798517087159146e-08		-2.727889075316900e-08
	1.312000000000000e+01		2.494405889399320e-08		-2.441975436400959e-08
	1.316000000000000e+01		2.124991660019852e-08		-2.087924227416106e-08
	1.320000000000000e+01		1.686853190614035e-08		-1.662592221873947e-08
	1.324000000000000e+01		1.176401101439669e-08		-1.162673702919866e-08
	1.328000000000000e+01		5.897951680881096e-09		-5.846073006598066e-09
	1.332000000000000e+01		-7.713753409073249e-10		7.551406192716193e-10
	1.336000000000000e+01		-8.289841091331853e-09		8.220296375885081e-09
	1.340000000000000e+01		-1.670825612637452e-08		1.659795809234595e-08
	1.344000000000000e+01		-2.608319503204768e-08		2.594266427623592e-08
	1.348000000000000e+01		-3.647780737512315e-08		3.631574323699059e-08
	1.352000000000000e+01		-4.796258273604327e-08		4.778619234314178e-08
	1.356000000000000e+01		-6.061630882791974e-08		6.043140341238775e-08
	1.360000000000000e+01		-7.452690627843370e-08		7.433807503235093e-08
	1.364000000000000e+01		-8.979229431059995e-08		8.960318063230418e-08
	1.368000000000000e+01		-1.065214029819672e-07		1.063349007751883e-07
	1.372000000000000e+01		-1.248353102745613e-07		1.246535663706516e-07
	1.376000000000000e+01		-1.448681957059851e-07		1.446929469963577e-07
	1.380000000000000e+01		-1.667690147768638e-07		1.666010045271727e-07
	1.384000000000000e+01		-1.907019001116894e-07		1.905421354517413e-07
	1.388000000000000e+01		-2.168486995676888e-07		2.166975154526232e-07
	1.392000000000000e+01		-2.454097088835018e-07		2.452675221962722e-07
	1.396000000000000e+01		-2.766062049292064e-07		2.764726574830322e-07
	1.400000000000000e+01		-3.106813059080086e-07		3.105564778113655e-07
	1.404000000000000e+01		-3.479027879434714e-07		3.477869366026471e-07
	1.408000000000000e+01		-3.885658770139111e-07		3.884581583883098e-07
	1.412000000000000e+01		-4.329942864356757e-07		4.328944156316928e-07
	1.416000000000000e+01		-4.815440122221508e-07		4.814518386156641e-07
	1.420000000000000e+01		-5.346067874090082e-07		5.345210066744872e-07
	1.424000000000000e+01		-5.926114310196987e-07		5.925322375079894e-07
	1.428000000000000e+01		-6.560295714130190e-07		6.559571509486706e-07
	1.432000000000000e+01		-7.253796711656228e-07		7.253126438791219e-07
	1.436000000000000e+01		-8.012287755419041e-07		8.011679223840076e-07
	1.440000000000000e+01		-8.842011954919552e-07		8.841454543858238e-07
	1.444000000000000e+01		-9.749808119383046e-07		9.749292394804690e-07
	1.448000000000000e+01		-1.074317743526908e-06		1.074269742769030e-06
	1.452000000000000e+01		-1.183033951305793e-06		1.182991018437741e-06
	1.456000000000000e+01		-1.302034255958986e-06		1.301993655367411e-06
	1.460000000000000e+01		-1.432306740149705e-06		1.432269691463019e-06
	1.464000000000000e+01		-1.574937819577907e-06		1.574904342253906e-06
	1.468000000000000e+01		-1.731118934195454e-06		1.731087735870840e-06
	1.472000000000000e+01		-1.902154332020254e-06		1.902127337981187e-06
	1.476000000000000e+01		-2.089477742247213e-06		2.089453441503497e-06
	1.480000000000000e+01		-2.294660037588091e-06		2.294635809629905e-06
	1.484000000000000e+01		-2.519421054487488e-06		2.519398509558141e-06
	1.488000000000000e+01		-2.765649275752059e-06		2.765629458690785e-06
	1.492000000000000e+01		-3.035415123471465e-06		3.035399183673962e-06
	1.496000000000000e+01		-3.330991207086032e-06		3.330975719349015e-06
	1.500000000000000e+01		-3.654857736346408e-06		3.654857736346408e-06
