# eta_L = 0.000000000000000e+00
# eta_B = 1.000000000000000e-24
# T_R = 1.450125286188353e+13
# T_S = 6.794432215681415e+12
#x_sph = 1.000000000000000e+00
#	T		U_m		U_p
	1.100000000000000e+01		-1.223500304923225e-08		3.151185203580338e-13
	1.104000000000000e+01		-1.223907364204836e-08		3.795377300536846e-13
	1.108000000000000e+01		-1.224353848907878e-08		4.572076451698309e-13
	1.112000000000000e+01		-1.224843593444677e-08		5.508807907981739e-13
	1.116000000000000e+01		-1.225380808297981e-08		6.638898386733416e-13
	1.120000000000000e+01		-1.225970117517358e-08		8.002739013798970e-13
	1.124000000000000e+01		-1.226616600069602e-08		9.649309616798467e-13
	1.128000000000000e+01		-1.227325835459603e-08		1.163807413262146e-12
	1.132000000000000e+01		-1.228103954086270e-08		1.404127911499052e-12
	1.136000000000000e+01		-1.228957692851879e-08		1.694682141633871e-12
	1.140000000000000e+01		-1.229894456603631e-08		2.046175409432056e-12
	1.144000000000000e+01		-1.230922386053490e-08		2.471664651541248e-12
	1.148000000000000e+01		-1.232050432897362e-08		2.987101495945330e-12
	1.152000000000000e+01		-1.233288442937939e-08		3.612006400803901e-12
	1.156000000000000e+01		-1.234647248106638e-08		4.370318798079166e-12
	1.160000000000000e+01		-1.236138768380197e-08		5.291458640956854e-12
	1.164000000000000e+01		-1.237776124693255e-08		6.411680606627568e-12
	1.168000000000000e+01		-1.239573764060348e-08		7.775797196624379e-12
	1.172000000000000e+01		-1.241547598232769e-08		9.439384904805846e-12
	1.176000000000000e+01		-1.243715157316851e-08		1.147167054679891e-11
	1.180000000000000e+01		-1.246095759863927e-08		1.395931252091557e-11
	1.184000000000000e+01		-1.248710700966462e-08		1.701149309038576e-11
	1.188000000000000e+01		-1.251583459810971e-08		2.076699939938333e-11
	1.192000000000000e+01		-1.254739927832626e-08		2.540447905352555e-11
	1.196000000000000e+01		-1.258208657810477e-08		3.115818910732403e-11
	1.200000000000000e+01		-1.262021132518020e-08		3.834316175033780e-11
	1.204000000000000e+01		-1.266212048019222e-08		4.739613138119308e-11
	1.208000000000000e+01		-1.270819600350207e-08		5.894056808485748e-11
	1.212000000000000e+01		-1.275885753956009e-08		7.388442035901820e-11
	1.216000000000000e+01		-1.281456455415237e-08		9.355534191836437e-11
	1.220000000000000e+01		-1.287581737721815e-08		1.198688876655294e-10
	1.224000000000000e+01		-1.294315641908961e-08		1.555111852222878e-10
	1.228000000000000e+01		-1.301715870207068e-08		2.041019240140267e-10
	1.232000000000000e+01		-1.309843082930224e-08		2.702934579740644e-10
	1.236000000000000e+01		-1.318759768701047e-08		3.597600316702620e-10
	1.240000000000000e+01		-1.328528651119180e-08		4.790443762659743e-10
	1.244000000000000e+01		-1.339210647336566e-08		6.352514046418133e-10
	1.248000000000000e+01		-1.350862452432700e-08		8.356082873414801e-10
	1.252000000000000e+01		-1.363533883444506e-08		1.086936628002104e-09
	1.256000000000000e+01		-1.377265155041102e-08		1.395101500765980e-09
	1.260000000000000e+01		-1.392084295286834e-08		1.764505766909252e-09
	1.264000000000000e+01		-1.408004886500591e-08		2.197692748790736e-09
	1.268000000000000e+01		-1.425024312348198e-08		2.695097893517512e-09
	1.272000000000000e+01		-1.443122653819161e-08		3.254971133554521e-09
	1.276000000000000e+01		-1.462262253591108e-08		3.873471279891747e-09
	1.280000000000000e+01		-1.482388052368202e-08		4.544883264720348e-09
	1.284000000000000e+01		-1.503428602771139e-08		5.261980978440532e-09
	1.288000000000000e+01		-1.525297517578723e-08		6.016426661459954e-09
	1.292000000000000e+01		-1.547895687472035e-08		6.799185439025509e-09
	1.296000000000000e+01		-1.571113713655372e-08		7.600966681889256e-09
	1.300000000000000e+01		-1.594834223319290e-08		8.412599154691139e-09
	1.304000000000000e+01		-1.618934968825201e-08		9.225331015595494e-09
	1.308000000000000e+01		-1.643291276061277e-08		1.003111521767194e-08
	1.312000000000000e+01		-1.667778327212132e-08		1.082275702381361e-08
	1.316000000000000e+01		-1.692274105741074e-08		1.159405113225064e-08
	1.320000000000000e+01		-1.716660553650377e-08		1.233980575241717e-08
	1.324000000000000e+01		-1.740826188474418e-08		1.305588249888111e-08
	1.328000000000000e+01		-1.764666719656543e-08		1.373910319878827e-08
	1.332000000000000e+01		-1.788086774138256e-08		1.438723914314757e-08
	1.336000000000000e+01		-1.811000252280885e-08		1.499887172408642e-08
	1.340000000000000e+01		-1.833330977743151e-08		1.557331750208039e-08
	1.344000000000000e+01		-1.855013162685487e-08		1.611053691946401e-08
	1.348000000000000e+01		-1.875990761002921e-08		1.661097090940292e-08
	1.352000000000000e+01		-1.896218386942134e-08		1.707554469427315e-08
	1.356000000000000e+01		-1.915659539760183e-08		1.750544298767917e-08
	1.360000000000000e+01		-1.934287616793815e-08		1.790217154264784e-08
	1.364000000000000e+01		-1.952084211326293e-08		1.826735217207047e-08
	1.368000000000000e+01		-1.969038612168512e-08		1.860276010975234e-08
	1.372000000000000e+01		-1.985148357872123e-08		1.891022288481857e-08
	1.376000000000000e+01		-2.000416158632293e-08		1.919157625460215e-08
	1.380000000000000e+01		-2.014851430341784e-08		1.944866633383474e-08
	1.384000000000000e+01		-2.028468749666430e-08		1.968327220330710e-08
	1.388000000000000e+01		-2.041285863905554e-08		1.989712707599589e-08
	1.392000000000000e+01		-2.053325233814035e-08		2.009188863993576e-08
	1.396000000000000e+01		-2.064612424128240e-08		2.026911614423694e-08
	1.400000000000000e+01		-2.075174519079013e-08		2.043028566012013e-08
	1.404000000000000e+01		-2.085040411654354e-08		2.057678125432685e-08
	1.408000000000000e+01		-2.094241273135223e-08		2.070988203555732e-08
	1.412000000000000e+01		-2.102808724339037e-08		2.083077284322484e-08
	1.416000000000000e+01		-2.110774578179226e-08		2.094054979880305e-08
	1.420000000000000e+01		-2.118170719003278e-08		2.104022173697782e-08
	1.424000000000000e+01		-2.125028860448610e-08		2.113071303270391e-08
	1.428000000000000e+01		-2.131380458724957e-08		2.121286702711349e-08
	1.432000000000000e+01		-2.137256302188329e-08		2.128745302039237e-08
	1.436000000000000e+01		-2.142686249331907e-08		2.135517232489912e-08
	1.440000000000000e+01		-2.147699139372082e-08		2.141666305818678e-08
	1.444000000000000e+01		-2.152322703328649e-08		2.147250498265398e-08
	1.448000000000000e+01		-2.156583482690481e-08		2.152322433727066e-08
	1.452000000000000e+01		-2.160506746555073e-08		2.156929868796394e-08
	1.456000000000000e+01		-2.164116379902660e-08		2.161116200121751e-08
	1.460000000000000e+01		-2.167435017397622e-08		2.164920721783161e-08
	1.464000000000000e+01		-2.170484317637491e-08		2.168378723337189e-08
	1.468000000000000e+01		-2.173284701366956e-08		2.171522108675499e-08
	1.472000000000000e+01		-2.175855231647458e-08		2.174379858714629e-08
	1.476000000000000e+01		-2.178212982660711e-08		2.176978976206036e-08
	1.480000000000000e+01		-2.180374131354209e-08		2.179343699724019e-08
	1.484000000000000e+01		-2.182355772957280e-08		2.181493979857938e-08
	1.488000000000000e+01		-2.184170864730322e-08		2.183450796943703e-08
	1.492000000000000e+01		-2.185832218798060e-08		2.185232408666308e-08
	1.496000000000000e+01		-2.187354409615655e-08		2.186852686570539e-08
	1.500000000000000e+01		-2.188537566674496e-08		2.188537566674496e-08
