	1.100000000000000e+01		-1.259686083846302e-07		0.000000000000000e+00
	1.104000000000000e+01		-1.260103106073686e-07		0.000000000000000e+00
	1.108000000000000e+01		-1.260560300990148e-07		0.000000000000000e+00
	1.112000000000000e+01		-1.261061532170462e-07		0.000000000000000e+00
	1.116000000000000e+01		-1.261611033501549e-07		0.000000000000000e+00
	1.120000000000000e+01		-1.262213444426919e-07		0.000000000000000e+00
	1.124000000000000e+01		-1.262873848497421e-07		0.000000000000000e+00
	1.128000000000000e+01		-1.263597815529575e-07		0.000000000000000e+00
	1.132000000000000e+01		-1.264391447698585e-07		0.000000000000000e+00
	1.136000000000000e+01		-1.265261429921214e-07		0.000000000000000e+00
	1.140000000000000e+01		-1.266215084913784e-07		0.000000000000000e+00
	1.144000000000000e+01		-1.267260433343204e-07		0.000000000000000e+00
	1.148000000000000e+01		-1.268406259524112e-07		0.000000000000000e+00
	1.152000000000000e+01		-1.269662183153798e-07		0.000000000000000e+00
	1.156000000000000e+01		-1.271038737618091e-07		0.000000000000000e+00
	1.160000000000000e+01		-1.272547455448067e-07		0.000000000000000e+00
	1.164000000000000e+01		-1.274200961558741e-07		0.000000000000000e+00
	1.168000000000000e+01		-1.276013074960343e-07		0.000000000000000e+00
	1.172000000000000e+01		-1.277998919700544e-07		0.000000000000000e+00
	1.176000000000000e+01		-1.280175045880202e-07		0.000000000000000e+00
	1.180000000000000e+01		-1.282559561688530e-07		0.000000000000000e+00
	1.184000000000000e+01		-1.285172277542059e-07		0.000000000000000e+00
	1.188000000000000e+01		-1.288034863607903e-07		0.000000000000000e+00
	1.192000000000000e+01		-1.291171022298115e-07		0.000000000000000e+00
	1.196000000000000e+01		-1.294606677827881e-07		0.000000000000000e+00
	1.200000000000000e+01		-1.298370185845257e-07		0.000000000000000e+00
	1.204000000000000e+01		-1.302492567766482e-07		0.000000000000000e+00
	1.208000000000000e+01		-1.307007777240836e-07		0.000000000000000e+00
	1.212000000000000e+01		-1.311953010574703e-07		0.000000000000000e+00
	1.216000000000000e+01		-1.317369079153895e-07		0.000000000000000e+00
	1.220000000000000e+01		-1.323300869516329e-07		0.000000000000000e+00
	1.224000000000000e+01		-1.329797924426828e-07		0.000000000000000e+00
	1.228000000000000e+01		-1.336915183750520e-07		0.000000000000000e+00
	1.232000000000000e+01		-1.344713925160425e-07		0.000000000000000e+00
	1.236000000000000e+01		-1.353262938280743e-07		0.000000000000000e+00
	1.240000000000000e+01		-1.362639953040644e-07		0.000000000000000e+00
	1.244000000000000e+01		-1.372933322941761e-07		0.000000000000000e+00
	1.248000000000000e+01		-1.384243941172847e-07		0.000000000000000e+00
	1.252000000000000e+01		-1.396687344130291e-07		0.000000000000000e+00
	1.256000000000000e+01		-1.410395944367358e-07		0.000000000000000e+00
	1.260000000000000e+01		-1.425521317416060e-07		0.000000000000000e+00
	1.264000000000000e+01		-1.442236481027326e-07		0.000000000000000e+00
	1.268000000000000e+01		-1.460738105092401e-07		0.000000000000000e+00
	1.272000000000000e+01		-1.481248617794521e-07		0.000000000000000e+00
	1.276000000000000e+01		-1.504018194023079e-07		0.000000000000000e+00
	1.280000000000000e+01		-1.529326603328689e-07		0.000000000000000e+00
	1.284000000000000e+01		-1.557485051772761e-07		0.000000000000000e+00
	1.288000000000000e+01		-1.588837932204302e-07		0.000000000000000e+00
	1.292000000000000e+01		-1.623764591651991e-07		0.000000000000000e+00
	1.296000000000000e+01		-1.662681343861683e-07		0.000000000000000e+00
	1.300000000000000e+01		-1.706043564159203e-07		0.000000000000000e+00
	1.304000000000000e+01		-1.754347989259991e-07		0.000000000000000e+00
	1.308000000000000e+01		-1.808135686382468e-07		0.000000000000000e+00
	1.312000000000000e+01		-1.867994979920276e-07		0.000000000000000e+00
	1.316000000000000e+01		-1.934565278720029e-07		0.000000000000000e+00
	1.320000000000000e+01		-2.008541265416662e-07		0.000000000000000e+00
	1.324000000000000e+01		-2.090677575084767e-07		0.000000000000000e+00
	1.328000000000000e+01		-2.181794518911713e-07		0.000000000000000e+00
	1.332000000000000e+01		-2.282783927152504e-07		0.000000000000000e+00
	1.336000000000000e+01		-2.394616463490943e-07		0.000000000000000e+00
	1.340000000000000e+01		-2.518348981652521e-07		0.000000000000000e+00
	1.344000000000000e+01		-2.655133543651589e-07		0.000000000000000e+00
	1.348000000000000e+01		-2.806226600433040e-07		0.000000000000000e+00
	1.352000000000000e+01		-2.972999802249912e-07		0.000000000000000e+00
	1.356000000000000e+01		-3.156951601729548e-07		0.000000000000000e+00
	1.360000000000000e+01		-3.359719725315213e-07		0.000000000000000e+00
	1.364000000000000e+01		-3.583095859824621e-07		0.000000000000000e+00
	1.368000000000000e+01		-3.829040238790927e-07		0.000000000000000e+00
	1.372000000000000e+01		-4.099699234208400e-07		0.000000000000000e+00
	1.376000000000000e+01		-4.397423672950962e-07		0.000000000000000e+00
	1.380000000000000e+01		-4.724788526786738e-07		0.000000000000000e+00
	1.384000000000000e+01		-5.084616116292543e-07		0.000000000000000e+00
	1.388000000000000e+01		-5.479999705811252e-07		0.000000000000000e+00
	1.392000000000000e+01		-5.914329890326849e-07		0.000000000000000e+00
	1.396000000000000e+01		-6.391324498278033e-07		0.000000000000000e+00
	1.400000000000000e+01		-6.915060144430118e-07		0.000000000000000e+00
	1.404000000000000e+01		-7.490006595304201e-07		0.000000000000000e+00
	1.408000000000000e+01		-8.121065645570644e-07		0.000000000000000e+00
	1.412000000000000e+01		-8.813612989577189e-07		0.000000000000000e+00
	1.416000000000000e+01		-9.573544009546458e-07		0.000000000000000e+00
	1.420000000000000e+01		-1.040732395362564e-06		0.000000000000000e+00
	1.424000000000000e+01		-1.132204302595825e-06		0.000000000000000e+00
	1.428000000000000e+01		-1.232547696016918e-06		0.000000000000000e+00
	1.432000000000000e+01		-1.342615318279159e-06		0.000000000000000e+00
	1.436000000000000e+01		-1.463342335371884e-06		0.000000000000000e+00
	1.440000000000000e+01		-1.595754290076819e-06		0.000000000000000e+00
	1.444000000000000e+01		-1.740975821602867e-06		0.000000000000000e+00
	1.448000000000000e+01		-1.900240225144993e-06		0.000000000000000e+00
	1.452000000000000e+01		-2.074899932738309e-06		0.000000000000000e+00
	1.456000000000000e+01		-2.266438005270543e-06		0.000000000000000e+00
	1.460000000000000e+01		-2.476480734995237e-06		0.000000000000000e+00
	1.464000000000000e+01		-2.706811463137888e-06		0.000000000000000e+00
	1.468000000000000e+01		-2.959385692598451e-06		0.000000000000000e+00
	1.472000000000000e+01		-3.236347711648034e-06		0.000000000000000e+00
	1.476000000000000e+01		-3.540048816348903e-06		0.000000000000000e+00
	1.480000000000000e+01		-3.873067311233077e-06		0.000000000000000e+00
	1.484000000000000e+01		-4.238230312112658e-06		0.000000000000000e+00
	1.488000000000000e+01		-4.638637740960326e-06		0.000000000000000e+00
	1.492000000000000e+01		-5.077688047676325e-06		0.000000000000000e+00
	1.496000000000000e+01		-5.558909388744980e-06		0.000000000000000e+00
	1.500000000000000e+01		-6.000000000000000e-06		0.000000000000000e+00
