# eta_L = 4.000000000000000e-25
# eta_B = 0.000000000000000e+00
#	T		Y_L		Y_B		BAU		Ups_L		Ups_B		Y_Leq		Y_Beq
	1.100000000000000e+01		-1.089867868051052e-09		1.089626241612242e-09		5.975412034320806e-10		-1.089627868051052e-09		1.089626241612242e-09		-2.400000000000000e-13		0.000000000000000e-01
	1.104000000000000e+01		-1.089880685296042e-09		1.089615572249810e-09		5.975353524499511e-10		-1.089617530528967e-09		1.089615572249810e-09		-2.631547670743644e-13		0.000000000000000e-01
	1.108000000000000e+01		-1.089894757132104e-09		1.089603855496738e-09		5.975289270882409e-10		-1.089606213667795e-09		1.089603855496738e-09		-2.885434643081791e-13		0.000000000000000e-01
	1.112000000000000e+01		-1.089910208348666e-09		1.089590986549234e-09		5.975218698734966e-10		-1.089593826731413e-09		1.089590986549234e-09		-3.163816172535377e-13		0.000000000000000e-01
	1.116000000000000e+01		-1.089927176569776e-09		1.089576849696137e-09		5.975141173507599e-10		-1.089580271024796e-09		1.089576849696137e-09		-3.469055449790226e-13		0.000000000000000e-01
	1.120000000000000e+01		-1.089945813662811e-09		1.089561317095948e-09		5.975055994129067e-10		-1.089565439296621e-09		1.089561317095948e-09		-3.803743661906672e-13		0.000000000000000e-01
	1.124000000000000e+01		-1.089966287327044e-09		1.089544247391919e-09		5.974962385411710e-10		-1.089549215128144e-09		1.089544247391919e-09		-4.170721988998501e-13		0.000000000000000e-01
	1.128000000000000e+01		-1.089988782878060e-09		1.089525484150865e-09		5.974859489490050e-10		-1.089531472305749e-09		1.089525484150865e-09		-4.573105723111793e-13		0.000000000000000e-01
	1.132000000000000e+01		-1.090013505272239e-09		1.089504854083426e-09		5.974746356060864e-10		-1.089512074200834e-09		1.089504854083426e-09		-5.014310714049695e-13		0.000000000000000e-01
	1.136000000000000e+01		-1.090040681393032e-09		1.089482165026068e-09		5.974621931316663e-10		-1.089490873156368e-09		1.089482165026068e-09		-5.498082366642655e-13		0.000000000000000e-01
	1.140000000000000e+01		-1.090070562661207e-09		1.089457203624938e-09		5.974485045244164e-10		-1.089467709917645e-09		1.089457203624938e-09		-6.028527435622992e-13		0.000000000000000e-01
	1.144000000000000e+01		-1.090103428012813e-09		1.089429732680292e-09		5.974334397061365e-10		-1.089442413124012e-09		1.089429732680292e-09		-6.610148888011599e-13		0.000000000000000e-01
	1.148000000000000e+01		-1.090139587312173e-09		1.089399488086904e-09		5.974168538439020e-10		-1.089414798899276e-09		1.089399488086904e-09		-7.247884128964839e-13		0.000000000000000e-01
	1.152000000000000e+01		-1.090179385296192e-09		1.089366175277134e-09		5.973985853994764e-10		-1.089384670604634e-09		1.089366175277134e-09		-7.947146915582186e-13		0.000000000000000e-01
	1.156000000000000e+01		-1.090223206134467e-09		1.089329465085458e-09		5.973784538614547e-10		-1.089351818803019e-09		1.089329465085458e-09		-8.713873314482432e-13		0.000000000000000e-01
	1.160000000000000e+01		-1.090271478772636e-09		1.089288988870557e-09		5.973562570702626e-10		-1.089316021563308e-09		1.089288988870557e-09		-9.554572093283934e-13		0.000000000000000e-01
	1.164000000000000e+01		-1.090324683189389e-09		1.089244332768495e-09		5.973317680666505e-10		-1.089277045192013e-09		1.089244332768495e-09		-1.047637997376398e-12		0.000000000000000e-01
	1.168000000000000e+01		-1.090383357828587e-09		1.089195030819814e-09		5.973047313226541e-10		-1.089234645607013e-09		1.089195030819814e-09		-1.148712221574332e-12		0.000000000000000e-01
	1.172000000000000e+01		-1.090448108515210e-09		1.089140556666546e-09		5.972748581883108e-10		-1.089188570610611e-09		1.089140556666546e-09		-1.259537904599454e-12		0.000000000000000e-01
	1.176000000000000e+01		-1.090519619269642e-09		1.089080313409790e-09		5.972418213296469e-10		-1.089138563420033e-09		1.089080313409790e-09		-1.381055849609177e-12		0.000000000000000e-01
	1.180000000000000e+01		-1.090598665852107e-09		1.089013620801733e-09		5.972052477048971e-10		-1.089084368225355e-09		1.089013620801733e-09		-1.514297626752464e-12		0.000000000000000e-01
	1.184000000000000e+01		-1.090686133873213e-09		1.088939697942397e-09		5.971647090755563e-10		-1.089025739543008e-09		1.088939697942397e-09		-1.660394330205448e-12		0.000000000000000e-01
	1.188000000000000e+01		-1.090783046921672e-09		1.088857636036959e-09		5.971197070667400e-10		-1.088962460741601e-09		1.088857636036959e-09		-1.820586180070041e-12		0.000000000000000e-01
	1.192000000000000e+01		-1.090890621264919e-09		1.088766344665710e-09		5.970696437021146e-10		-1.088894388214273e-09		1.088766344665710e-09		-1.996233050646410e-12		0.000000000000000e-01
	1.196000000000000e+01		-1.091010391671578e-09		1.088664427026889e-09		5.970137529881926e-10		-1.088821565657124e-09		1.088664427026889e-09		-2.188826014454183e-12		0.000000000000000e-01
	1.200000000000000e+01		-1.091144513765781e-09		1.088549878754196e-09		5.969509357485720e-10		-1.088744513765781e-09		1.088549878754196e-09		-2.400000000000000e-12		0.000000000000000e-01
	1.204000000000000e+01		-1.091296452807322e-09		1.088419400432426e-09		5.968793826137131e-10		-1.088664905136579e-09		1.088419400432426e-09		-2.631547670743644e-12		0.000000000000000e-01
	1.208000000000000e+01		-1.091472410157960e-09		1.088266972579661e-09		5.967957925540214e-10		-1.088586975514878e-09		1.088266972579661e-09		-2.885434643081791e-12		0.000000000000000e-01
	1.212000000000000e+01		-1.091683969223807e-09		1.088081211355825e-09		5.966939227742720e-10		-1.088520153051271e-09		1.088081211355825e-09		-3.163816172535377e-12		0.000000000000000e-01
	1.216000000000000e+01		-1.091952467955165e-09		1.087840998000714e-09		5.965621919368418e-10		-1.088483412505375e-09		1.087840998000714e-09		-3.469055449790226e-12		0.000000000000000e-01
	1.220000000000000e+01		-1.092315420192632e-09		1.087509059847201e-09		5.963801600472449e-10		-1.088511676530725e-09		1.087509059847201e-09		-3.803743661906672e-12		0.000000000000000e-01
	1.224000000000000e+01		-1.092834848086723e-09		1.087023640879171e-09		5.961139606632284e-10		-1.088664126097724e-09		1.087023640879171e-09		-4.170721988998501e-12		0.000000000000000e-01
	1.228000000000000e+01		-1.093606709376735e-09		1.086289078309909e-09		5.957111331753520e-10		-1.089033603653623e-09		1.086289078309909e-09		-4.573105723111793e-12		0.000000000000000e-01
	1.232000000000000e+01		-1.094769877983445e-09		1.085166827038192e-09		5.950957006996595e-10		-1.089755567269396e-09		1.085166827038192e-09		-5.014310714049695e-12		0.000000000000000e-01
	1.236000000000000e+01		-1.096512635584155e-09		1.083468974643641e-09		5.941646137596193e-10		-1.091014553217512e-09		1.083468974643641e-09		-5.498082366642655e-12		0.000000000000000e-01
	1.240000000000000e+01		-1.099074575129920e-09		1.080956346261277e-09		5.927867110164237e-10		-1.093046047694297e-09		1.080956346261277e-09		-6.028527435622992e-12		0.000000000000000e-01
	1.244000000000000e+01		-1.102742328073198e-09		1.077342787784880e-09		5.908050681390792e-10		-1.096132179185186e-09		1.077342787784880e-09		-6.610148888011599e-12		0.000000000000000e-01
	1.248000000000000e+01		-1.107838485448845e-09		1.072306257341160e-09		5.880430802688077e-10		-1.100590601319880e-09		1.072306257341160e-09		-7.247884128964839e-12		0.000000000000000e-01
	1.252000000000000e+01		-1.114704315045842e-09		1.065506122729036e-09		5.843139477787379e-10		-1.106757168130260e-09		1.065506122729036e-09		-7.947146915582186e-12		0.000000000000000e-01
	1.256000000000000e+01		-1.123677990790087e-09		1.056604948472289e-09		5.794326240970826e-10		-1.114964117475604e-09		1.056604948472289e-09		-8.713873314482432e-12		0.000000000000000e-01
	1.260000000000000e+01		-1.135070856100127e-09		1.045292250359421e-09		5.732288424825489e-10		-1.125516284006843e-09		1.045292250359421e-09		-9.554572093283934e-12		0.000000000000000e-01
	1.264000000000000e+01		-1.149144547674114e-09		1.031307390573510e-09		5.655596715070615e-10		-1.138668167700350e-09		1.031307390573510e-09		-1.047637997376398e-11		0.000000000000000e-01
	1.268000000000000e+01		-1.166091526684103e-09		1.014459065955771e-09		5.563202022437277e-10		-1.154604404468360e-09		1.014459065955771e-09		-1.148712221574332e-11		0.000000000000000e-01
	1.272000000000000e+01		-1.186021096004178e-09		9.946393103355799e-10		5.454512270183375e-10		-1.173425716958183e-09		9.946393103355799e-10		-1.259537904599454e-11		0.000000000000000e-01
	1.276000000000000e+01		-1.208951770264877e-09		9.718311438129177e-10		5.329434342068637e-10		-1.195141211768785e-09		9.718311438129177e-10		-1.381055849609177e-11		0.000000000000000e-01
	1.280000000000000e+01		-1.234810775174473e-09		9.461090923700765e-10		5.188376931858368e-10		-1.219667798906948e-09		9.461090923700765e-10		-1.514297626752464e-11		0.000000000000000e-01
	1.284000000000000e+01		-1.263439011201222e-09		9.176342421204045e-10		5.032223421269621e-10		-1.246835067899167e-09		9.176342421204045e-10		-1.660394330205448e-11		0.000000000000000e-01
	1.288000000000000e+01		-1.294601093717698e-09		8.866442177328983e-10		4.862276922555526e-10		-1.276395231916998e-09		8.866442177328983e-10		-1.820586180070041e-11		0.000000000000000e-01
	1.292000000000000e+01		-1.328000807699763e-09		8.534377439811226e-10		4.680175615431968e-10		-1.308038477193299e-09		8.534377439811226e-10		-1.996233050646410e-11		0.000000000000000e-01
	1.296000000000000e+01		-1.363295615519145e-09		8.183601572006195e-10		4.487813293216769e-10		-1.341407355374603e-09		8.183601572006195e-10		-2.188826014454183e-11		0.000000000000000e-01
	1.300000000000000e+01		-1.400113223359334e-09		7.817868539320865e-10		4.287248596681655e-10		-1.376113223359334e-09		7.817868539320865e-10		-2.400000000000000e-11		0.000000000000000e-01
	1.304000000000000e+01		-1.438069003488746e-09		7.441058904052621e-10		4.080609591191261e-10		-1.411753526781310e-09		7.441058904052621e-10		-2.631547670743644e-11		0.000000000000000e-01
	1.308000000000000e+01		-1.476778008624704e-09		7.057059838050502e-10		3.870027966728736e-10		-1.447923662193886e-09		7.057059838050502e-10		-2.885434643081791e-11		0.000000000000000e-01
	1.312000000000000e+01		-1.515869912043976e-09		6.669615967620852e-10		3.657557242587253e-10		-1.484231750318622e-09		6.669615967620852e-10		-3.163816172535377e-11		0.000000000000000e-01
	1.316000000000000e+01		-1.554996309275656e-09		6.282256553164903e-10		3.445132833340028e-10		-1.520305754777753e-09		6.282256553164903e-10		-3.469055449790226e-11		0.000000000000000e-01
	1.320000000000000e+01		-1.593840207965363e-09		5.898200857347130e-10		3.234520153597350e-10		-1.555802771346296e-09		5.898200857347130e-10		-3.803743661906672e-11		0.000000000000000e-01
	1.324000000000000e+01		-1.632119558223066e-09		5.520323103380029e-10		3.027295401445992e-10		-1.590412338333081e-09		5.520323103380029e-10		-4.170721988998501e-11		0.000000000000000e-01
	1.328000000000000e+01		-1.669590605646981e-09		5.151119251880650e-10		2.824827339176979e-10		-1.623859548415863e-09		5.151119251880650e-10		-4.573105723111793e-11		0.000000000000000e-01
	1.332000000000000e+01		-1.706049139365755e-09		4.792694828485086e-10		2.628270618059160e-10		-1.655906032225258e-09		4.792694828485086e-10		-5.014310714049695e-11		0.000000000000000e-01
	1.336000000000000e+01		-1.741328036447059e-09		4.446789855013566e-10		2.438579450365286e-10		-1.686347212780633e-09		4.446789855013566e-10		-5.498082366642655e-11		0.000000000000000e-01
	1.340000000000000e+01		-1.775302593018594e-09		4.114725922153392e-10		2.256478584508689e-10		-1.715017318662364e-09		4.114725922153392e-10		-6.028527435622992e-11		0.000000000000000e-01
	1.344000000000000e+01		-1.807874921296421e-09		3.797562563379861e-10		2.082549059091166e-10		-1.741773432416305e-09		3.797562563379861e-10		-6.610148888011599e-11		0.000000000000000e-01
	1.348000000000000e+01		-1.838985163403006e-09		3.495985661790155e-10		1.917167006217151e-10		-1.766506322113358e-09		3.495985661790155e-10		-7.247884128964839e-11		0.000000000000000e-01
	1.352000000000000e+01		-1.868597461564095e-09		3.210448067529871e-10		1.760580764822178e-10		-1.789125992408273e-09		3.210448067529871e-10		-7.947146915582186e-11		0.000000000000000e-01
	1.356000000000000e+01		-1.896704663966109e-09		2.941123174619994e-10		1.612885422623495e-10		-1.809565930821285e-09		2.941123174619994e-10		-8.713873314482432e-11		0.000000000000000e-01
	1.360000000000000e+01		-1.923317249529772e-09		2.688015953465038e-10		1.474083705346110e-10		-1.827771528596933e-09		2.688015953465038e-10		-9.554572093283934e-11		0.000000000000000e-01
	1.364000000000000e+01		-1.948467004227077e-09		2.450926934239528e-10		1.344066225536774e-10		-1.843703204489437e-09		2.450926934239528e-10		-1.047637997376398e-10		0.000000000000000e-01
	1.368000000000000e+01		-1.972199210832402e-09		2.229530485020533e-10		1.222654409585864e-10		-1.857327988674968e-09		2.229530485020533e-10		-1.148712221574332e-10		0.000000000000000e-01
	1.372000000000000e+01		-1.994570786350990e-09		2.023394253923834e-10		1.109611159619507e-10		-1.868616995891044e-09		2.023394253923834e-10		-1.259537904599454e-10		0.000000000000000e-01
	1.376000000000000e+01		-2.015652231530070e-09		1.831959744129474e-10		1.004630201018787e-10		-1.877546646569152e-09		1.831959744129474e-10		-1.381055849609177e-10		0.000000000000000e-01
	1.380000000000000e+01		-2.035514818416529e-09		1.654671124443824e-10		9.074067209702268e-11		-1.884085055741283e-09		1.654671124443824e-10		-1.514297626752464e-10		0.000000000000000e-01
	1.384000000000000e+01		-2.054244961018978e-09		1.490831641420720e-10		8.175586261680507e-11		-1.888205527998433e-09		1.490831641420720e-10		-1.660394330205448e-10		0.000000000000000e-01
	1.388000000000000e+01		-2.071922605384726e-09		1.339819824732089e-10		7.347451078894582e-11		-1.889863987377722e-09		1.339819824732089e-10		-1.820586180070041e-10		0.000000000000000e-01
	1.392000000000000e+01		-2.088639955878939e-09		1.200902627687945e-10		6.585641699410961e-11		-1.889016650814298e-09		1.200902627687945e-10		-1.996233050646410e-10		0.000000000000000e-01
	1.396000000000000e+01		-2.104484276125697e-09		1.073406546977358e-10		5.886464691816563e-11		-1.885601674680279e-09		1.073406546977358e-10		-2.188826014454183e-10		0.000000000000000e-01
	1.400000000000000e+01		-2.119544574068791e-09		9.566511413059823e-11		5.246188577423001e-11		-1.879544574068791e-09		9.566511413059823e-11		-2.400000000000000e-10		0.000000000000000e-01
	1.404000000000000e+01		-2.133914816106639e-09		8.499152847938044e-11		4.660858766943480e-11		-1.870760049032274e-09		8.499152847938044e-11		-2.631547670743644e-10		0.000000000000000e-01
	1.408000000000000e+01		-2.147677919643690e-09		7.525963615067456e-11		4.127170568946156e-11		-1.859134455335510e-09		7.525963615067456e-11		-2.885434643081791e-10		0.000000000000000e-01
	1.412000000000000e+01		-2.160925534185497e-09		6.640108261335718e-11		3.641375482593982e-11		-1.844543916931959e-09		6.640108261335718e-11		-3.163816172535377e-10		0.000000000000000e-01
	1.416000000000000e+01		-2.173740311933756e-09		5.835680191508243e-11		3.200234384332592e-11		-1.826834766954733e-09		5.835680191508243e-11		-3.469055449790226e-10		0.000000000000000e-01
	1.420000000000000e+01		-2.186202177894066e-09		5.107051155045596e-11		2.800660792328018e-11		-1.805827811703399e-09		5.107051155045596e-11		-3.803743661906672e-10		0.000000000000000e-01
	1.424000000000000e+01		-2.198394637208570e-09		4.448184309326119e-11		2.439344156533541e-11		-1.781322438308720e-09		4.448184309326119e-11		-4.170721988998501e-10		0.000000000000000e-01
	1.428000000000000e+01		-2.210386649795659e-09		3.854386155851331e-11		2.113710604703813e-11		-1.753076077484479e-09		3.854386155851331e-11		-4.573105723111793e-10		0.000000000000000e-01
	1.432000000000000e+01		-2.222249083964958e-09		3.320591502894300e-11		1.820982431379347e-11		-1.720818012559988e-09		3.320591502894300e-11		-5.014310714049695e-10		0.000000000000000e-01
	1.436000000000000e+01		-2.234048035645901e-09		2.841914024605142e-11		1.558480019534420e-11		-1.684239798981636e-09		2.841914024605142e-11		-5.498082366642655e-10		0.000000000000000e-01
	1.440000000000000e+01		-2.245834758284661e-09		2.414533156916808e-11		1.324108206292781e-11		-1.642982014722361e-09		2.414533156916808e-11		-6.028527435622992e-10		0.000000000000000e-01
	1.444000000000000e+01		-2.257659438637299e-09		2.034155320370405e-11		1.115512431403473e-11		-1.596644549836139e-09		2.034155320370405e-11		-6.610148888011599e-10		0.000000000000000e-01
	1.448000000000000e+01		-2.269559473616445e-09		1.696962854276069e-11		9.305991241761112e-12		-1.544771060719961e-09		1.696962854276069e-11		-7.247884128964839e-10		0.000000000000000e-01
	1.452000000000000e+01		-2.281554492753645e-09		1.399864819247679e-11		7.676732413288937e-12		-1.486839801195426e-09		1.399864819247679e-11		-7.947146915582186e-10		0.000000000000000e-01
	1.456000000000000e+01		-2.293654419777911e-09		1.139361503960758e-11		6.248155727357876e-12		-1.422267088329668e-09		1.139361503960758e-11		-8.713873314482432e-10		0.000000000000000e-01
	1.460000000000000e+01		-2.305845720200175e-09		9.124957383421816e-12		5.004044329997587e-12		-1.350388510871782e-09		9.124957383421816e-12		-9.554572093283934e-10		0.000000000000000e-01
	1.464000000000000e+01		-2.318086708315628e-09		7.168256906573780e-12		3.931007436207376e-12		-1.270448710939229e-09		7.168256906573780e-12		-1.047637997376398e-09		0.000000000000000e-01
	1.468000000000000e+01		-2.330309455180307e-09		5.495912361240098e-12		3.013908770619827e-12		-1.181597233605974e-09		5.495912361240098e-12		-1.148712221574332e-09		0.000000000000000e-01
	1.472000000000000e+01		-2.342403974036142e-09		4.084841740407852e-12		2.240090368768408e-12		-1.082866069436688e-09		4.084841740407852e-12		-1.259537904599454e-09		0.000000000000000e-01
	1.476000000000000e+01		-2.354208555165193e-09		2.916364237272739e-12		1.599307844686048e-12		-9.731527055560165e-10		2.916364237272739e-12		-1.381055849609177e-09		0.000000000000000e-01
	1.480000000000000e+01		-2.365504217676649e-09		1.969320754495427e-12		1.079957740228261e-12		-8.512065909241851e-10		1.969320754495427e-12		-1.514297626752464e-09		0.000000000000000e-01
	1.484000000000000e+01		-2.375993414408673e-09		1.225746801327267e-12		6.721884906923566e-13		-7.155990842032254e-10		1.225746801327267e-12		-1.660394330205448e-09		0.000000000000000e-01
	1.488000000000000e+01		-2.385280075423421e-09		6.716580655762481e-13		3.683312253984040e-13		-5.646938953533796e-10		6.716580655762481e-13		-1.820586180070041e-09		0.000000000000000e-01
	1.492000000000000e+01		-2.392851236473327e-09		2.912491002512536e-13		1.597183797676716e-13		-3.966181858269167e-10		2.912491002512536e-13		-1.996233050646410e-09		0.000000000000000e-01
	1.496000000000000e+01		-2.398042647432217e-09		7.087488957037818e-14		3.886715021137554e-14		-2.092166329780335e-10		7.087488957037818e-14		-2.188826014454183e-09		0.000000000000000e-01
	1.500000000000000e+01		-2.400000000000000e-09		0.000000000000000e+00		0.000000000000000e+00		0.000000000000000e+00		0.000000000000000e+00		-2.400000000000000e-09		0.000000000000000e-01
