# eta_L = 0.000000000000000e+00
# eta_B = 4.630000000000000e-22
#	T		Y_L		Y_B		BAU		Ups_L		Ups_B
	1.100000000000000e+01		7.972072435818750e-10		-5.479249236764441e-10		-6.009541726888138e-10		7.972072435818750e-10		-2.701249236764441e-10
	1.104000000000000e+01		8.005554160837819e-10		-5.767500434412317e-10		-6.325690440924974e-10		8.005554160837819e-10		-2.721484005526550e-10
	1.108000000000000e+01		8.042909053309893e-10		-6.084802351982001e-10		-6.673701460548283e-10		8.042909053309893e-10		-2.744911752614828e-10
	1.112000000000000e+01		8.084664202854026e-10		-6.434233269541998e-10		-7.056950987810460e-10		8.084664202854026e-10		-2.772116049832299e-10
	1.116000000000000e+01		8.131436903880465e-10		-6.819233056866455e-10		-7.479211809830601e-10		8.131436903880465e-10		-2.803801373734268e-10
	1.120000000000000e+01		8.183954245905131e-10		-7.243654513276613e-10		-7.944709607406537e-10		8.183954245905131e-10		-2.840821224619639e-10
	1.124000000000000e+01		8.243077837023967e-10		-7.711824351583527e-10		-8.458189841103165e-10		8.243077837023967e-10		-2.884213649317762e-10
	1.128000000000000e+01		8.309835519065093e-10		-8.228616174822737e-10		-9.024997790818658e-10		8.309835519065093e-10		-2.935246300320836e-10
	1.132000000000000e+01		8.385461465177181e-10		-8.799538907328968e-10		-9.651175545392060e-10		8.385461465177181e-10		-2.995474255816446e-10
	1.136000000000000e+01		8.471447757066128e-10		-9.430844904013466e-10		-1.034358057490857e-09		8.471447757066128e-10		-3.066814564624592e-10
	1.140000000000000e+01		8.569610908514397e-10		-1.012966366493638e-09		-1.111003238643055e-09		8.569610908514397e-10		-3.151643158202765e-10
	1.144000000000000e+01		8.682176779654709e-10		-1.090416959636819e-09		-1.195949652130358e-09		8.682176779654709e-10		-3.252922258494768e-10
	1.148000000000000e+01		8.811889739597163e-10		-1.176379494708274e-09		-1.290231809984168e-09		8.811889739597163e-10		-3.374369067805938e-10
	1.152000000000000e+01		8.962150566635767e-10		-1.271950421100898e-09		-1.395052278120599e-09		8.962150566635767e-10		-3.520681656222604e-10
	1.156000000000000e+01		9.137188649297805e-10		-1.378415229928214e-09		-1.511820960004969e-09		9.137188649297805e-10		-3.697843937768725e-10
	1.160000000000000e+01		9.342270105306492e-10		-1.497295830610584e-09		-1.642207058436969e-09		9.342270105306492e-10		-3.913541108129689e-10
	1.164000000000000e+01		9.583938856347305e-10		-1.630413839461640e-09		-1.788208489330644e-09		9.583938856347305e-10		-4.177728574984589e-10
	1.168000000000000e+01		9.870269113100060e-10		-1.779975847555128e-09		-1.952245401972667e-09		9.870269113100060e-10		-4.503414510828390e-10
	1.172000000000000e+01		1.021108728619165e-09		-1.948688396968672e-09		-2.137286282892527e-09		1.021108728619165e-09		-4.907732723948035e-10
	1.176000000000000e+01		1.061807714399912e-09		-2.139912118799644e-09		-2.347017011657966e-09		1.061807714399912e-09		-5.413399728770219e-10
	1.180000000000000e+01		1.110463333167934e-09		-2.357864742021448e-09		-2.586063517326616e-09		1.110463333167934e-09		-6.050652390554714e-10
	1.184000000000000e+01		1.168526795152844e-09		-2.607880149599259e-09		-2.860275906520839e-09		1.168526795152844e-09		-6.859737123864533e-10
	1.188000000000000e+01		1.237435999061292e-09		-2.896722045742157e-09		-3.177072488011856e-09		1.237435999061292e-09		-7.893935423110847e-10
	1.192000000000000e+01		1.318407077784586e-09		-3.232934565734386e-09		-3.545824315258289e-09		1.318407077784586e-09		-9.222948096111663e-10
	1.196000000000000e+01		1.412142797980005e-09		-3.627186455117763e-09		-3.978232675925046e-09		1.412142797980005e-09		-1.093620343387046e-09
	1.200000000000000e+01		1.518482837925479e-09		-4.092535583004697e-09		-4.488619205313682e-09		1.518482837925479e-09		-1.314535583004697e-09
	1.204000000000000e+01		1.636055372808702e-09		-4.644513681695092e-09		-5.094018827245666e-09		1.636055372808702e-09		-1.598497252809324e-09
	1.208000000000000e+01		1.762014947380881e-09		-5.300921555531594e-09		-5.813955142828890e-09		1.762014947380881e-09		-1.961030956164421e-09
	1.212000000000000e+01		1.891957093077270e-09		-6.081243732906066e-09		-6.669798431337012e-09		1.891957093077270e-09		-2.419126513196368e-09
	1.216000000000000e+01		2.020069039396968e-09		-7.005643745689445e-09		-7.683663690811514e-09		2.020069039396968e-09		-2.990212062557259e-09
	1.220000000000000e+01		2.139549394706355e-09		-8.093575990778182e-09		-8.876888152845405e-09		2.139549394706355e-09		-3.690742702121209e-09
	1.224000000000000e+01		2.243220133051447e-09		-9.362138451835599e-09		-1.026822457750314e-08		2.243220133051447e-09		-4.534527749569834e-09
	1.228000000000000e+01		2.324270889696640e-09		-1.082435264699548e-08		-1.187195473098862e-08		2.324270889696640e-09		-5.530982772493579e-09
	1.232000000000000e+01		2.376975862275280e-09		-1.248759526913010e-08		-1.369616923698163e-08		2.376975862275280e-09		-6.683530617617574e-09
	1.236000000000000e+01		2.397279108493923e-09		-1.435238981771481e-08		-1.574144226026373e-08		2.397279108493923e-09		-7.988359478325932e-09
	1.240000000000000e+01		2.383155660372506e-09		-1.641171579824991e-08		-1.800007384910499e-08		2.383155660372506e-09		-9.433695291516293e-09
	1.244000000000000e+01		2.334710051677125e-09		-1.865091434444075e-08		-2.045598642337353e-08		2.334710051677125e-09		-1.099966700656732e-08
	1.248000000000000e+01		2.254051017730857e-09		-2.104818280006911e-08		-2.308526722301070e-08		2.254051017730857e-09		-1.265875692079231e-08
	1.252000000000000e+01		2.144957865022604e-09		-2.357557885690042e-08		-2.585726962837477e-08		2.144957865022604e-09		-1.437675630211404e-08
	1.256000000000000e+01		2.012399218172203e-09		-2.620039992824935e-08		-2.873612603228630e-08		2.012399218172203e-09		-1.611409156673594e-08
	1.260000000000000e+01		1.862023398390184e-09		-2.888677870688315e-08		-3.168249781915536e-08		1.862023398390184e-09		-1.782736150890699e-08
	1.264000000000000e+01		1.699701903359885e-09		-3.159733798934021e-08		-3.465539034644412e-08		1.699701903359885e-09		-1.947092816970839e-08
	1.268000000000000e+01		1.531102532087827e-09		-3.429476832830286e-08		-3.761388328533122e-08		1.531102532087827e-09		-2.099842436357997e-08
	1.272000000000000e+01		1.361394248740315e-09		-3.694322285234759e-08		-4.051866043385367e-08		1.361394248740315e-09		-2.236407160660890e-08
	1.276000000000000e+01		1.194986470137401e-09		-3.950946214449698e-08		-4.333326539905114e-08		1.194986470137401e-09		-2.352374068527076e-08
	1.280000000000000e+01		1.035459946593581e-09		-4.196371537842830e-08		-4.602504607562606e-08		1.035459946593581e-09		-2.443572034876853e-08
	1.284000000000000e+01		8.855370195058905e-10		-4.428025601784610e-08		-4.856578606263094e-08		8.855370195058905e-10		-2.506119164571804e-08
	1.288000000000000e+01		7.470974899180199e-10		-4.643771149244842e-08		-5.093204431048208e-08		7.470974899180199e-10		-2.536442645813770e-08
	1.292000000000000e+01		6.213222644722538e-10		-4.841914110836806e-08		-5.310524057172616e-08		6.213222644722538e-10		-2.531274354713585e-08
	1.296000000000000e+01		5.086705539678696e-10		-5.021192555749261e-08		-5.507153421685559e-08		5.086705539678696e-10		-2.487626444018544e-08
	1.300000000000000e+01		4.091645876613789e-10		-5.180751128178536e-08		-5.682154385770679e-08		4.091645876613789e-10		-2.402751128178536e-08
	1.304000000000000e+01		3.223931525723440e-10		-5.320105423340632e-08		-5.834995662998693e-08		3.223931525723440e-10		-2.274088994454864e-08
	1.308000000000000e+01		2.476465321075102e-10		-5.439100009232196e-08		-5.965506778352044e-08		2.476465321075102e-10		-2.099209409865023e-08
	1.312000000000000e+01		1.840274342048928e-10		-5.537863373618941e-08		-6.073828654894475e-08		1.840274342048928e-10		-1.875746153909243e-08
	1.316000000000000e+01		1.305311450221663e-10		-5.616762377164401e-08		-6.160363658784227e-08		1.305311450221663e-10		-1.601330694032214e-08
	1.320000000000000e+01		8.609944797189865e-11		-5.676358158600457e-08		-6.225727236860477e-08		8.609944797189865e-11		-1.273524869943484e-08
	1.324000000000000e+01		4.967239012817419e-11		-5.717364872258388e-08		-6.270702660711685e-08		4.967239012817419e-11		-8.897541699926226e-09
	1.328000000000000e+01		2.022475281778936e-11		-5.740612150132397e-08		-6.296199855743996e-08		2.022475281778936e-11		-4.472422756304959e-09
	1.332000000000000e+01		-3.206663030686242e-12		-5.747011779416363e-08		-6.303218853704621e-08		-3.206663030686242e-12		5.705287209615890e-10
	1.336000000000000e+01		-2.151086366916062e-11		-5.737528776426237e-08		-6.292818067081705e-08		-2.151086366916062e-11		6.265015629626361e-09
	1.340000000000000e+01		-3.547702903300997e-11		-5.713156804564232e-08		-6.266087327970857e-08		-3.547702903300997e-11		1.264863702169382e-08
	1.344000000000000e+01		-4.581893449825116e-11		-5.674897725044428e-08		-6.224125459679871e-08		-4.581893449825116e-11		1.976349612828998e-08
	1.348000000000000e+01		-5.321285049872418e-11		-5.623744958940461e-08		-6.168022028522747e-08		-5.321285049872418e-11		2.765680920336340e-08
	1.352000000000000e+01		-5.807619427541944e-11		-5.560670276174389e-08		-6.098842854220982e-08		-5.807619427541944e-11		3.638152278611992e-08
	1.356000000000000e+01		-6.101453355182919e-11		-5.486613624935753e-08		-6.017618854993856e-08		-6.101453355182919e-11		4.599694736577662e-08
	1.360000000000000e+01		-6.245217442303322e-11		-5.402475561530029e-08		-5.925337744752768e-08		-6.245217442303322e-11		5.656941636446124e-08
	1.364000000000000e+01		-6.253556890839655e-11		-5.309111916577294e-08		-5.822938183084142e-08		-6.253556890839655e-11		6.817297903054516e-08
	1.368000000000000e+01		-6.179762460366913e-11		-5.207330330280432e-08		-5.711305975194097e-08		-6.179762460366913e-11		8.089013634442461e-08
	1.372000000000000e+01		-6.013212438054896e-11		-5.097888301065989e-08		-5.591271931692932e-08		-6.013212438054896e-11		9.481262944672694e-08
	1.376000000000000e+01		-5.802154344230765e-11		-4.981492494232892e-08		-5.463611110333515e-08		-5.802154344230765e-11		1.100422896499333e-07
	1.380000000000000e+01		-5.569983473340271e-11		-4.858799012090548e-08		-5.329043112293874e-08		-5.569983473340271e-11		1.266919601756922e-07
	1.384000000000000e+01		-5.295316293777397e-11		-4.730414432595727e-08		-5.188233221335398e-08		-5.295316293777397e-11		1.448864993953233e-07
	1.388000000000000e+01		-4.991749679867767e-11		-4.596897424130730e-08		-5.041794174862402e-08		-4.991749679867767e-11		1.647638761018000e-07
	1.392000000000000e+01		-4.730049138023731e-11		-4.458760771241825e-08		-4.890288385715503e-08		-4.730049138023731e-11		1.864763678999038e-07
	1.396000000000000e+01		-4.413675422901477e-11		-4.316473681260864e-08		-4.734230472032606e-08		-4.413675422901477e-11		2.101918743604631e-07
	1.400000000000000e+01		-4.115362073179618e-11		-4.170464289271382e-08		-4.574090004650527e-08		-4.115362073179618e-11		2.360953571072862e-07
	1.404000000000000e+01		-3.870417040034394e-11		-4.021122242827492e-08		-4.410294341978062e-08		-3.870417040034394e-11		2.643904204603019e-07
	1.408000000000000e+01		-3.571654278178389e-11		-3.868801323293448e-08		-4.243231505033936e-08		-3.571654278178389e-11		2.953010467037828e-07
	1.412000000000000e+01		-3.333812776110898e-11		-3.713822051980913e-08		-4.073253035811139e-08		-3.333812776110898e-11		3.290735014511608e-07
	1.416000000000000e+01		-3.049467626171561e-11		-3.556474223164050e-08		-3.900676775442196e-08		-3.049467626171561e-11		3.659784260815782e-07
	1.420000000000000e+01		-2.795775913295322e-11		-3.397019359475513e-08		-3.725789557233196e-08		-2.795775913295322e-11		4.063131352709422e-07
	1.424000000000000e+01		-2.575925470361040e-11		-3.235693048909367e-08		-3.548849769846436e-08		-2.575925470361040e-11		4.504041397374828e-07
	1.428000000000000e+01		-2.411271867900831e-11		-3.072707162514805e-08		-3.370089789626890e-08		-2.411271867900831e-11		4.986099158250420e-07
	1.432000000000000e+01		-2.176535461099223e-11		-2.908251938473010e-08		-3.189718266380120e-08		-2.176535461099223e-11		5.513239457665221e-07
	1.436000000000000e+01		-2.007298730076480e-11		-2.742497933455043e-08		-3.007922263586403e-08		-2.007298730076480e-11		6.089780546043369e-07
	1.440000000000000e+01		-1.830034100596243e-11		-2.575597833314556e-08		-2.824869244335842e-08		-1.830034100596243e-11		6.720460723402158e-07
	1.444000000000000e+01		-1.703075942090618e-11		-2.407688133571406e-08		-2.640708914452476e-08		-1.703075942090618e-11		7.410478524516286e-07
	1.448000000000000e+01		-1.610289996379380e-11		-2.238890687143533e-08		-2.455574920018692e-08		-1.610289996379380e-11		8.165536810562448e-07
	1.452000000000000e+01		-1.528625414538244e-11		-2.069314127975877e-08		-2.269586408785733e-08		-1.528625414538244e-11		8.991891141988793e-07
	1.456000000000000e+01		-1.246646897688972e-11		-1.899055174987684e-08		-2.082849460319590e-08		-1.246646897688972e-11		9.896402844014647e-07
	1.460000000000000e+01		-1.267160294622909e-11		-1.728199825186278e-08		-1.895458394586663e-08		-1.267160294622909e-11		1.088659721545753e-06
	1.464000000000000e+01		-1.224594727847377e-11		-1.556824437588730e-08		-1.707496960779491e-08		-1.224594727847377e-11		1.197072737587294e-06
	1.468000000000000e+01		-1.016453177578762e-11		-1.384996723151483e-08		-1.519039423053717e-08		-1.016453177578762e-11		1.315784429240774e-06
	1.472000000000000e+01		-1.046620001423247e-11		-1.212776641423561e-08		-1.330151543961144e-08		-1.046620001423247e-11		1.445787358159633e-06
	1.476000000000000e+01		-9.276673977071396e-12		-1.040217211926976e-08		-1.140891474357138e-08		-9.276673977071396e-12		1.588169973803352e-06
	1.480000000000000e+01		-8.921097671470241e-12		-8.673652501326311e-09		-9.513105606057146e-09		-8.921097671470241e-12		1.744125850464651e-06
	1.484000000000000e+01		-5.253450084878852e-12		-6.942620301508650e-09		-7.614540714065826e-09		-5.253450084878852e-12		1.914963816911297e-06
	1.488000000000000e+01		-5.121080470531605e-12		-5.209438838728488e-09		-5.713618549226150e-09		-5.121080470531605e-12		2.102119064592344e-06
	1.492000000000000e+01		-4.732801967532525e-12		-3.474427387360893e-09		-3.810689285913545e-09		-4.732801967532525e-12		2.307165328735859e-06
	1.496000000000000e+01		-2.746065977081160e-12		-1.737866028354065e-09		-1.906060111859830e-09		-2.746065977081160e-12		2.531828245702363e-06
	1.500000000000000e+01		0.000000000000000e+00		1.000000000000000e-45		1.096781961763222e-45		0.000000000000000e+00		2.778000000000000e-06
