# eta_L = 1.700000000000000e-24
# eta_B = 0.000000000000000e+00
#	T		Y_L		Y_B		BAU		Ups_L		Ups_B		Y_Leq		Y_Beq
	1.100000000000000e+01		-1.080358129370095e-09		1.079334628436664e-09		5.918973755878711e-10		-1.079338129370095e-09		1.079334628436664e-09		-1.020000000000000e-12		0.000000000000000e-01
	1.104000000000000e+01		-1.080434285289426e-09		1.079311662204978e-09		5.918847811135497e-10		-1.079315877529360e-09		1.079311662204978e-09		-1.118407760066049e-12		0.000000000000000e-01
	1.108000000000000e+01		-1.080517826770110e-09		1.079286440797680e-09		5.918709499212622e-10		-1.079291517046800e-09		1.079286440797680e-09		-1.226309723309761e-12		0.000000000000000e-01
	1.112000000000000e+01		-1.080609474314504e-09		1.079258738430540e-09		5.918557581929736e-10		-1.079264852441176e-09		1.079258738430540e-09		-1.344621873327535e-12		0.000000000000000e-01
	1.116000000000000e+01		-1.080710019626771e-09		1.079228305796829e-09		5.918390692111218e-10		-1.079235671060611e-09		1.079228305796829e-09		-1.474348566160846e-12		0.000000000000000e-01
	1.120000000000000e+01		-1.080820332848429e-09		1.079194867421895e-09		5.918207319078929e-10		-1.079203741792119e-09		1.079194867421895e-09		-1.616591056310336e-12		0.000000000000000e-01
	1.124000000000000e+01		-1.080941370578278e-09		1.079158118674294e-09		5.918005792261499e-10		-1.079168813732954e-09		1.079158118674294e-09		-1.772556845324363e-12		0.000000000000000e-01
	1.128000000000000e+01		-1.081074184769199e-09		1.079117722383174e-09		5.917784262644388e-10		-1.079130614836876e-09		1.079117722383174e-09		-1.943569932322512e-12		0.000000000000000e-01
	1.132000000000000e+01		-1.081219932610940e-09		1.079073304998978e-09		5.917540681715510e-10		-1.079088850557469e-09		1.079073304998978e-09		-2.131082053471120e-12		0.000000000000000e-01
	1.136000000000000e+01		-1.081379887531378e-09		1.079024452215565e-09		5.917272777457367e-10		-1.079043202525555e-09		1.079024452215565e-09		-2.336685005823128e-12		0.000000000000000e-01
	1.140000000000000e+01		-1.081555451461360e-09		1.078970703964022e-09		5.916978026893519e-10		-1.078993327301220e-09		1.078970703964022e-09		-2.562124160139772e-12		0.000000000000000e-01
	1.144000000000000e+01		-1.081748168531943e-09		1.078911548669970e-09		5.916653624596224e-10		-1.078938855254538e-09		1.078911548669970e-09		-2.809313277404930e-12		0.000000000000000e-01
	1.148000000000000e+01		-1.081959740439080e-09		1.078846416605728e-09		5.916296446230261e-10		-1.078879389684270e-09		1.078846416605728e-09		-3.080350754810057e-12		0.000000000000000e-01
	1.152000000000000e+01		-1.082192043676490e-09		1.078774672209257e-09		5.915903006430728e-10		-1.078814506237368e-09		1.078774672209257e-09		-3.377537439122429e-12		0.000000000000000e-01
	1.156000000000000e+01		-1.082447149000708e-09		1.078695605085511e-09		5.915469409455259e-10		-1.078743752842053e-09		1.078695605085511e-09		-3.703396158655034e-12		0.000000000000000e-01
	1.160000000000000e+01		-1.082727343431601e-09		1.078608419474081e-09		5.914991291425551e-10		-1.078666650291955e-09		1.078608419474081e-09		-4.060693139645672e-12		0.000000000000000e-01
	1.164000000000000e+01		-1.083035155320548e-09		1.078512221746473e-09		5.914463751763537e-10		-1.078582693831699e-09		1.078512221746473e-09		-4.452461488849693e-12		0.000000000000000e-01
	1.168000000000000e+01		-1.083373383041399e-09		1.078406005482608e-09		5.913881271352273e-10		-1.078491356099708e-09		1.078406005482608e-09		-4.882026941690911e-12		0.000000000000000e-01
	1.172000000000000e+01		-1.083745128024548e-09		1.078288633521077e-09		5.913237614101151e-10		-1.078392091930000e-09		1.078288633521077e-09		-5.353036094547680e-12		0.000000000000000e-01
	1.176000000000000e+01		-1.084153833349551e-09		1.078158815893905e-09		5.912525705942144e-10		-1.078284345988712e-09		1.078158815893905e-09		-5.869487360839001e-12		0.000000000000000e-01
	1.180000000000000e+01		-1.084603329303741e-09		1.078015082377175e-09		5.911737484299896e-10		-1.078167564390043e-09		1.078015082377175e-09		-6.435764913697971e-12		0.000000000000000e-01
	1.184000000000000e+01		-1.085097889036847e-09		1.077855746680796e-09		5.910863701711630e-10		-1.078041213133474e-09		1.077855746680796e-09		-7.056675903373152e-12		0.000000000000000e-01
	1.188000000000000e+01		-1.085642301404312e-09		1.077678855355294e-09		5.909893645636612e-10		-1.077904810139014e-09		1.077678855355294e-09		-7.737491265297674e-12		0.000000000000000e-01
	1.192000000000000e+01		-1.086241979154322e-09		1.077482103454169e-09		5.908814675956132e-10		-1.077757988689074e-09		1.077482103454169e-09		-8.483990465247244e-12		0.000000000000000e-01
	1.196000000000000e+01		-1.086903149382418e-09		1.077262670258234e-09		5.907611324100561e-10		-1.077600638820988e-09		1.077262670258234e-09		-9.302510561430279e-12		0.000000000000000e-01
	1.200000000000000e+01		-1.087633230763833e-09		1.077016870851219e-09		5.906263382321433e-10		-1.077433230763833e-09		1.077016870851219e-09		-1.020000000000000e-11		0.000000000000000e-01
	1.204000000000000e+01		-1.088441602094383e-09		1.076739419457054e-09		5.904741863899503e-10		-1.077257524493722e-09		1.076739419457054e-09		-1.118407760066049e-11		0.000000000000000e-01
	1.208000000000000e+01		-1.089341096740503e-09		1.076421970660502e-09		5.903001003330293e-10		-1.077077999507405e-09		1.076421970660502e-09		-1.226309723309761e-11		0.000000000000000e-01
	1.212000000000000e+01		-1.090350672704081e-09		1.076050490040149e-09		5.900963837112555e-10		-1.076904453970805e-09		1.076050490040149e-09		-1.344621873327535e-11		0.000000000000000e-01
	1.216000000000000e+01		-1.091499718814224e-09		1.075600995768355e-09		5.898498851066453e-10		-1.076756233152615e-09		1.075600995768355e-09		-1.474348566160846e-11		0.000000000000000e-01
	1.220000000000000e+01		-1.092834265708002e-09		1.075033405767986e-09		5.895386238696043e-10		-1.076668355144898e-09		1.075033405767986e-09		-1.616591056310336e-11		0.000000000000000e-01
	1.224000000000000e+01		-1.094424924864523e-09		1.074283671866294e-09		5.891274765598557e-10		-1.076699356411279e-09		1.074283671866294e-09		-1.772556845324363e-11		0.000000000000000e-01
	1.228000000000000e+01		-1.096375735271907e-09		1.073255027546846e-09		5.885633772925353e-10		-1.076940035948682e-09		1.073255027546846e-09		-1.943569932322512e-11		0.000000000000000e-01
	1.232000000000000e+01		-1.098832431638788e-09		1.071809842681795e-09		5.877708509468347e-10		-1.077521611104077e-09		1.071809842681795e-09		-2.131082053471120e-11		0.000000000000000e-01
	1.236000000000000e+01		-1.101988207360108e-09		1.069764019653264e-09		5.866489400495083e-10		-1.078621357301877e-09		1.069764019653264e-09		-2.336685005823128e-11		0.000000000000000e-01
	1.240000000000000e+01		-1.106085036563937e-09		1.066885873334125e-09		5.850705905664348e-10		-1.080463794962540e-09		1.066885873334125e-09		-2.562124160139772e-11		0.000000000000000e-01
	1.244000000000000e+01		-1.111409140098848e-09		1.062900914838783e-09		5.828852752684017e-10		-1.083316007324799e-09		1.062900914838783e-09		-2.809313277404930e-11		0.000000000000000e-01
	1.248000000000000e+01		-1.118280115374057e-09		1.057503020749602e-09		5.799251188341409e-10		-1.087476607825957e-09		1.057503020749602e-09		-3.080350754810057e-11		0.000000000000000e-01
	1.252000000000000e+01		-1.127034406072839e-09		1.050371309810634e-09		5.760141528769561e-10		-1.093259031681615e-09		1.050371309810634e-09		-3.377537439122429e-11		0.000000000000000e-01
	1.256000000000000e+01		-1.138004817609719e-09		1.041191015452698e-09		5.709797622492252e-10		-1.100970856023168e-09		1.041191015452698e-09		-3.703396158655034e-11		0.000000000000000e-01
	1.260000000000000e+01		-1.151498514212789e-09		1.029675909784572e-09		5.646649821569265e-10		-1.110891582816332e-09		1.029675909784572e-09		-4.060693139645672e-11		0.000000000000000e-01
	1.264000000000000e+01		-1.167776137224206e-09		1.015589628767403e-09		5.569401926929472e-10		-1.123251522335709e-09		1.015589628767403e-09		-4.452461488849693e-11		0.000000000000000e-01
	1.268000000000000e+01		-1.187034436229523e-09		9.987634967296397e-10		5.477128936403146e-10		-1.138214166812614e-09		9.987634967296397e-10		-4.882026941690911e-11		0.000000000000000e-01
	1.272000000000000e+01		-1.209394242752649e-09		9.791090102063379e-10		5.369345504970767e-10		-1.155863881807172e-09		9.791090102063379e-10		-5.353036094547680e-11		0.000000000000000e-01
	1.276000000000000e+01		-1.234894545173435e-09		9.566242154782646e-10		5.246040918612270e-10		-1.176199671565045e-09		9.566242154782646e-10		-5.869487360839001e-11		0.000000000000000e-01
	1.280000000000000e+01		-1.263493155903169e-09		9.313934844230109e-10		5.107677865094763e-10		-1.199135506766189e-09		9.313934844230109e-10		-6.435764913697971e-11		0.000000000000000e-01
	1.284000000000000e+01		-1.295073220357397e-09		9.035814418225166e-10		4.955159131874700e-10		-1.224506461323665e-09		9.035814418225166e-10		-7.056675903373152e-11		0.000000000000000e-01
	1.288000000000000e+01		-1.329452307804519e-09		8.734242848011096e-10		4.789780002678999e-10		-1.252077395151543e-09		8.734242848011096e-10		-7.737491265297674e-11		0.000000000000000e-01
	1.292000000000000e+01		-1.366400238609963e-09		8.412124076400726e-10		4.613132973555209e-10		-1.281560333957490e-09		8.412124076400726e-10		-8.483990465247244e-11		0.000000000000000e-01
	1.296000000000000e+01		-1.405649703455986e-09		8.072801767486325e-10		4.427051679734627e-10		-1.312624597841683e-09		8.072801767486325e-10		-9.302510561430279e-11		0.000000000000000e-01
	1.300000000000000e+01		-1.446917857190673e-09		7.719848097532612e-10		4.233495070462946e-10		-1.344917857190673e-09		7.719848097532612e-10		-1.020000000000000e-10		0.000000000000000e-01
	1.304000000000000e+01		-1.489916682882124e-09		7.356964705208802e-10		4.034493091000846e-10		-1.378075906875519e-09		7.356964705208802e-10		-1.118407760066049e-10		0.000000000000000e-01
	1.308000000000000e+01		-1.534370970845637e-09		6.987808000837331e-10		3.832050883791552e-10		-1.411739998514661e-09		6.987808000837331e-10		-1.226309723309761e-10		0.000000000000000e-01
	1.312000000000000e+01		-1.580027676152309e-09		6.615901337047350e-10		3.628100623639357e-10		-1.445565488819555e-09		6.615901337047350e-10		-1.344621873327535e-10		0.000000000000000e-01
	1.316000000000000e+01		-1.626666187286171e-09		6.244538237054282e-10		3.424448448970922e-10		-1.479231330670086e-09		6.244538237054282e-10		-1.474348566160846e-10		0.000000000000000e-01
	1.320000000000000e+01		-1.674106251963734e-09		5.876710658430346e-10		3.222735122334034e-10		-1.512447146332700e-09		5.876710658430346e-10		-1.616591056310336e-10		0.000000000000000e-01
	1.324000000000000e+01		-1.722212079560052e-09		5.515075206189162e-10		3.024417501957926e-10		-1.544956395027616e-09		5.515075206189162e-10		-1.772556845324363e-10		0.000000000000000e-01
	1.328000000000000e+01		-1.770895669648295e-09		5.161929044135233e-10		2.830755331754596e-10		-1.576538676416044e-09		5.161929044135233e-10		-1.943569932322512e-10		0.000000000000000e-01
	1.332000000000000e+01		-1.820120708173850e-09		4.819180696803929e-10		2.642795229366031e-10		-1.607012502826738e-09		4.819180696803929e-10		-2.131082053471120e-10		0.000000000000000e-01
	1.336000000000000e+01		-1.869897667196910e-09		4.488409777386094e-10		2.461403440419372e-10		-1.636229166614597e-09		4.488409777386094e-10		-2.336685005823128e-10		0.000000000000000e-01
	1.340000000000000e+01		-1.920289610908360e-09		4.170821630667957e-10		2.287240965124240e-10		-1.664077194894383e-09		4.170821630667957e-10		-2.562124160139772e-10		0.000000000000000e-01
	1.344000000000000e+01		-1.971403778203910e-09		3.867344230786402e-10		2.120816696127794e-10		-1.690472450463417e-09		3.867344230786402e-10		-2.809313277404930e-10		0.000000000000000e-01
	1.348000000000000e+01		-2.023401575863685e-09		3.578546372508493e-10		1.962442555350262e-10		-1.715366500382679e-09		3.578546372508493e-10		-3.080350754810057e-10		0.000000000000000e-01
	1.352000000000000e+01		-2.076482292465369e-09		3.304811638028791e-10		1.812328895807572e-10		-1.738728548553126e-09		3.304811638028791e-10		-3.377537439122429e-10		0.000000000000000e-01
	1.356000000000000e+01		-2.130891366652920e-09		3.046280514960209e-10		1.670552759639568e-10		-1.760551750787417e-09		3.046280514960209e-10		-3.703396158655034e-10		0.000000000000000e-01
	1.360000000000000e+01		-2.186917971989961e-09		2.802889529496407e-10		1.537079338383331e-10		-1.780848658025394e-09		2.802889529496407e-10		-4.060693139645672e-10		0.000000000000000e-01
	1.364000000000000e+01		-2.244890693037635e-09		2.574441604570697e-10		1.411800556752952e-10		-1.799644544152665e-09		2.574441604570697e-10		-4.452461488849693e-10		0.000000000000000e-01
	1.368000000000000e+01		-2.305182335390983e-09		2.360577609016012e-10		1.294519470455458e-10		-1.816979641221892e-09		2.360577609016012e-10		-4.882026941690911e-10		0.000000000000000e-01
	1.372000000000000e+01		-2.368202079161273e-09		2.160886442796823e-10		1.185010635939124e-10		-1.832898469706505e-09		2.160886442796823e-10		-5.353036094547680e-10		0.000000000000000e-01
	1.376000000000000e+01		-2.434407386186376e-09		1.974811390366117e-10		1.082968755419052e-10		-1.847458650102476e-09		1.974811390366117e-10		-5.869487360839001e-10		0.000000000000000e-01
	1.380000000000000e+01		-2.504290457555321e-09		1.801819521330610e-10		9.881015746741278e-11		-1.860713966185524e-09		1.801819521330610e-10		-6.435764913697971e-10		0.000000000000000e-01
	1.384000000000000e+01		-2.578397123039542e-09		1.641249016323590e-10		9.000461579326725e-11		-1.872729532702226e-09		1.641249016323590e-10		-7.056675903373152e-10		0.000000000000000e-01
	1.388000000000000e+01		-2.657310941343031e-09		1.492500437921737e-10		8.184737791181351e-11		-1.883561814813264e-09		1.492500437921737e-10		-7.737491265297674e-10		0.000000000000000e-01
	1.392000000000000e+01		-2.741672810860831e-09		1.354892169392842e-10		7.430106457621544e-11		-1.893273764336107e-09		1.354892169392842e-10		-8.483990465247244e-10		0.000000000000000e-01
	1.396000000000000e+01		-2.832172076829775e-09		1.227779785384625e-10		6.733033608136881e-11		-1.901921020686747e-09		1.227779785384625e-10		-9.302510561430279e-10		0.000000000000000e-01
	1.400000000000000e+01		-2.929555403175152e-09		1.110530634322268e-10		6.090049838550662e-11		-1.909555403175152e-09		1.110530634322268e-10		-1.020000000000000e-09		0.000000000000000e-01
	1.404000000000000e+01		-3.034635564515771e-09		1.002474004335126e-10		5.497477025456558e-11		-1.916227804449722e-09		1.002474004335126e-10		-1.118407760066049e-09		0.000000000000000e-01
	1.408000000000000e+01		-3.148283392479901e-09		9.030435023924217e-11		4.952209120557454e-11		-1.921973669170140e-09		9.030435023924217e-11		-1.226309723309761e-09		0.000000000000000e-01
	1.412000000000000e+01		-3.271450999163882e-09		8.116053163424346e-11		4.450770355177577e-11		-1.926829125836347e-09		8.116053163424346e-11		-1.344621873327535e-09		0.000000000000000e-01
	1.416000000000000e+01		-3.405160203275775e-09		7.276217339984204e-11		3.990211964181723e-11		-1.930811637114928e-09		7.276217339984204e-11		-1.474348566160846e-09		0.000000000000000e-01
	1.420000000000000e+01		-3.550519964098077e-09		6.505570841810616e-11		3.567596375135330e-11		-1.933928907787742e-09		6.505570841810616e-11		-1.616591056310336e-09		0.000000000000000e-01
	1.424000000000000e+01		-3.708731200230007e-09		5.798725048113497e-11		3.179968516997726e-11		-1.936174354905644e-09		5.798725048113497e-11		-1.772556845324363e-09		0.000000000000000e-01
	1.428000000000000e+01		-3.881083083828637e-09		5.151315544436066e-11		2.824934984243983e-11		-1.937513151506125e-09		5.151315544436066e-11		-1.943569932322512e-09		0.000000000000000e-01
	1.432000000000000e+01		-4.068973003955163e-09		4.558537750404346e-11		2.499860988330091e-11		-1.937890950484043e-09		4.558537750404346e-11		-2.131082053471120e-09		0.000000000000000e-01
	1.436000000000000e+01		-4.273896834753387e-09		4.016336710327341e-11		2.202522828127233e-11		-1.937211828930259e-09		4.016336710327341e-11		-2.336685005823128e-09		0.000000000000000e-01
	1.440000000000000e+01		-4.497456137632980e-09		3.520982587267534e-11		1.930875094698715e-11		-1.935331977493209e-09		3.520982587267534e-11		-2.562124160139772e-09		0.000000000000000e-01
	1.444000000000000e+01		-4.741359437296132e-09		3.068449295249277e-11		1.682709918807239e-11		-1.932046159891202e-09		3.068449295249277e-11		-2.809313277404930e-09		0.000000000000000e-01
	1.448000000000000e+01		-5.007398747301810e-09		2.655798682258632e-11		1.456416044387901e-11		-1.927047992491754e-09		2.655798682258632e-11		-3.080350754810057e-09		0.000000000000000e-01
	1.452000000000000e+01		-5.297440106668157e-09		2.279864817224222e-11		1.250257303395065e-11		-1.919902667545728e-09		2.279864817224222e-11		-3.377537439122429e-09		0.000000000000000e-01
	1.456000000000000e+01		-5.613376316156044e-09		1.937866319257818e-11		1.062708411635231e-11		-1.909980157501010e-09		1.937866319257818e-11		-3.703396158655034e-09		0.000000000000000e-01
	1.460000000000000e+01		-5.957053817008281e-09		1.627353114701590e-11		8.924257708119494e-12		-1.896360677362609e-09		1.627353114701590e-11		-4.060693139645672e-09		0.000000000000000e-01
	1.464000000000000e+01		-6.330147981234335e-09		1.346117951628215e-11		7.381989438757414e-12		-1.877686492384642e-09		1.346117951628215e-11		-4.452461488849693e-09		0.000000000000000e-01
	1.468000000000000e+01		-6.733944971447836e-09		1.092265296935412e-11		5.989884375693545e-12		-1.851918029756925e-09		1.092265296935412e-11		-4.882026941690911e-09		0.000000000000000e-01
	1.472000000000000e+01		-7.168970531301778e-09		8.642568917656315e-12		4.739506846090468e-12		-1.815934436754098e-09		8.642568917656315e-12		-5.353036094547680e-09		0.000000000000000e-01
	1.476000000000000e+01		-7.634342093467891e-09		6.609533330598702e-12		3.624608466336722e-12		-1.764854732628890e-09		6.609533330598702e-12		-5.869487360839001e-09		0.000000000000000e-01
	1.480000000000000e+01		-8.126623214244677e-09		4.817332459308008e-12		2.641781672592741e-12		-1.690858300546706e-09		4.817332459308008e-12		-6.435764913697971e-09		0.000000000000000e-01
	1.484000000000000e+01		-8.637751914663823e-09		3.266752621630080e-12		1.791457674473293e-12		-1.581076011290671e-09		3.266752621630080e-12		-7.056675903373152e-09		0.000000000000000e-01
	1.488000000000000e+01		-9.151194550876746e-09		1.968714761947775e-12		1.079625419380647e-12		-1.413703285579072e-09		1.968714761947775e-12		-7.737491265297674e-09		0.000000000000000e-01
	1.492000000000000e+01		-9.634589399666164e-09		9.497465079412325e-13		5.208324190787770e-13		-1.150598934418920e-09		9.497465079412325e-13		-8.483990465247244e-09		0.000000000000000e-01
	1.496000000000000e+01		-1.002519257078861e-08		2.617462586400100e-13		1.435392875176869e-13		-7.226820093583293e-10		2.617462586400100e-13		-9.302510561430279e-09		0.000000000000000e-01
	1.500000000000000e+01		-1.020000000000000e-08		0.000000000000000e+00		0.000000000000000e+00		0.000000000000000e+00		0.000000000000000e+00		-1.020000000000000e-08		0.000000000000000e-01
