# eta_L = 3.270000000000000e-23
# eta_B = 0.000000000000000e+00
# T_R = 3.995243135416890e+12
# T_S = 6.794432215681415e+12
#x_sph = 1.000000000000000e+00
# m_nu = 3.500000000000000e-10
#	T		U_m		U_p
	1.100000000000000e+01		-2.457786848597560e-09		-3.753372764848954e-14
	1.104000000000000e+01		-2.457301824896958e-09		-4.524623531499623e-14
	1.108000000000000e+01		-2.456769344734999e-09		-5.455788425487421e-14
	1.112000000000000e+01		-2.456184695962437e-09		-6.580489834647190e-14
	1.116000000000000e+01		-2.455542684897873e-09		-7.939577031813622e-14
	1.120000000000000e+01		-2.454837584472224e-09		-9.582721052725595e-14
	1.124000000000000e+01		-2.454063076296580e-09		-1.157040039734327e-13
	1.128000000000000e+01		-2.453212185857482e-09		-1.397632761343029e-13
	1.132000000000000e+01		-2.452277209927919e-09		-1.689048869904816e-13
	1.136000000000000e+01		-2.451249635148518e-09		-2.042287985199678e-13
	1.140000000000000e+01		-2.450120046580219e-09		-2.470819947907150e-13
	1.144000000000000e+01		-2.448878024853705e-09		-2.991170569660848e-13
	1.148000000000000e+01		-2.447512030340469e-09		-3.623653769766453e-13
	1.152000000000000e+01		-2.446009272545020e-09		-4.393300243597429e-13
	1.156000000000000e+01		-2.444355562664543e-09		-5.331031936753421e-13
	1.160000000000000e+01		-2.442535146985189e-09		-6.475152497676614e-13
	1.164000000000000e+01		-2.440530518491434e-09		-7.873266722041613e-13
	1.168000000000000e+01		-2.438322203762910e-09		-9.584754748364449e-13
	1.172000000000000e+01		-2.435888521951926e-09		-1.168398292279126e-12
	1.176000000000000e+01		-2.433205312429875e-09		-1.426454155862538e-12
	1.180000000000000e+01		-2.430245627614363e-09		-1.744486261520268e-12
	1.184000000000000e+01		-2.426979387746245e-09		-2.137583351955083e-12
	1.188000000000000e+01		-2.423372995185777e-09		-2.625128713325565e-12
	1.192000000000000e+01		-2.419388907736366e-09		-3.232285635222130e-12
	1.196000000000000e+01		-2.414985174351417e-09		-3.992142065271511e-12
	1.200000000000000e+01		-2.410114943956303e-09		-4.948849598323114e-12
	1.204000000000000e+01		-2.404725970631623e-09		-6.162160532837927e-12
	1.208000000000000e+01		-2.398760158389947e-09		-7.713756283993548e-12
	1.212000000000000e+01		-2.392153216514053e-09		-9.715503671141599e-12
	1.216000000000000e+01		-2.384834529984941e-09		-1.231922549219894e-11
	1.220000000000000e+01		-2.376727382666230e-09		-1.572675694338507e-11
	1.224000000000000e+01		-2.367749691377287e-09		-2.019814332733537e-11
	1.228000000000000e+01		-2.357815406451805e-09		-2.605524912089923e-11
	1.232000000000000e+01		-2.346836694472461e-09		-3.367804498542719e-11
	1.236000000000000e+01		-2.334726944479655e-09		-4.349171715371418e-11
	1.240000000000000e+01		-2.321404527758015e-09		-5.594424949495491e-11
	1.244000000000000e+01		-2.306797124278440e-09		-7.147610840072107e-11
	1.248000000000000e+01		-2.290846321625769e-09		-9.048538978574797e-11
	1.252000000000000e+01		-2.273512092247951e-09		-1.132927502429891e-10
	1.256000000000000e+01		-2.254776790436533e-09		-1.401109661118527e-10
	1.260000000000000e+01		-2.234648241893069e-09		-1.710226824174083e-10
	1.264000000000000e+01		-2.213161691844379e-09		-2.059694605211389e-10
	1.268000000000000e+01		-2.190380354621344e-09		-2.447513313397398e-10
	1.272000000000000e+01		-2.166394656654401e-09		-2.870394658985480e-10
	1.276000000000000e+01		-2.141320125401283e-09		-3.323952476308634e-10
	1.280000000000000e+01		-2.115294113424902e-09		-3.802966044509297e-10
	1.284000000000000e+01		-2.088471708408384e-09		-4.301671724467771e-10
	1.288000000000000e+01		-2.061021074501677e-09		-4.814054273077308e-10
	1.292000000000000e+01		-2.033118544933083e-09		-5.334115845568523e-10
	1.296000000000000e+01		-2.004943745053507e-09		-5.856106539223935e-10
	1.300000000000000e+01		-1.976674944753000e-09		-6.374707937931429e-10
	1.304000000000000e+01		-1.948484835647944e-09		-6.885163632911269e-10
	1.308000000000000e+01		-1.920537016362911e-09		-7.383363146364737e-10
	1.312000000000000e+01		-1.892983137515745e-09		-7.865879544543210e-10
	1.316000000000000e+01		-1.865960719330059e-09		-8.329970123416779e-10
	1.320000000000000e+01		-1.839591636261763e-09		-8.773548776077042e-10
	1.324000000000000e+01		-1.813981242299196e-09		-9.195137264331126e-10
	1.328000000000000e+01		-1.789218032419931e-09		-9.593802193249164e-10
	1.332000000000000e+01		-1.765373842205631e-09		-9.969085356179868e-10
	1.336000000000000e+01		-1.742504496392356e-09		-1.032093189195587e-09
	1.340000000000000e+01		-1.720650708971379e-09		-1.064961985055437e-09
	1.344000000000000e+01		-1.699839213035426e-09		-1.095569396965698e-09
	1.348000000000000e+01		-1.680084047472847e-09		-1.123990539289079e-09
	1.352000000000000e+01		-1.661387933891029e-09		-1.150315831824127e-09
	1.356000000000000e+01		-1.643743688180281e-09		-1.174646394897684e-09
	1.360000000000000e+01		-1.627135624951886e-09		-1.197090168452046e-09
	1.364000000000000e+01		-1.611540930367483e-09		-1.217758723752447e-09
	1.368000000000000e+01		-1.596930995104233e-09		-1.236764723592150e-09
	1.372000000000000e+01		-1.583272463743725e-09		-1.254219769373828e-09
	1.376000000000000e+01		-1.570528176033974e-09		-1.270232691550005e-09
	1.380000000000000e+01		-1.558658295223067e-09		-1.284908566849682e-09
	1.384000000000000e+01		-1.547621463848977e-09		-1.298348188827330e-09
	1.388000000000000e+01		-1.537375600199942e-09		-1.310647546169269e-09
	1.392000000000000e+01		-1.527877121352201e-09		-1.321896140079222e-09
	1.396000000000000e+01		-1.519083287844882e-09		-1.332178637940411e-09
	1.400000000000000e+01		-1.510952306381191e-09		-1.341574470992214e-09
	1.404000000000000e+01		-1.503441886181253e-09		-1.350156179639600e-09
	1.408000000000000e+01		-1.496512907732207e-09		-1.357992916766120e-09
	1.412000000000000e+01		-1.490125515412517e-09		-1.365146561731733e-09
	1.416000000000000e+01		-1.484243403250931e-09		-1.371676075660656e-09
	1.420000000000000e+01		-1.478830659906831e-09		-1.377634523017679e-09
	1.424000000000000e+01		-1.473853257376457e-09		-1.383070751141606e-09
	1.428000000000000e+01		-1.469280010966937e-09		-1.388030613880450e-09
	1.432000000000000e+01		-1.465080562698096e-09		-1.392555222178904e-09
	1.436000000000000e+01		-1.461226308346470e-09		-1.396682157278747e-09
	1.440000000000000e+01		-1.457690728863819e-09		-1.400446101613802e-09
	1.444000000000000e+01		-1.454449203103557e-09		-1.403878950210953e-09
	1.448000000000000e+01		-1.451479259738229e-09		-1.407010357160586e-09
	1.452000000000000e+01		-1.448757978786705e-09		-1.409865424252146e-09
	1.456000000000000e+01		-1.446266551132400e-09		-1.412469543409277e-09
	1.460000000000000e+01		-1.443984830352268e-09		-1.414843214316820e-09
	1.464000000000000e+01		-1.441898521392267e-09		-1.417009491827721e-09
	1.468000000000000e+01		-1.439989943753632e-09		-1.418984989900662e-09
	1.472000000000000e+01		-1.438243294674819e-09		-1.420785376023716e-09
	1.476000000000000e+01		-1.436646380949625e-09		-1.422427319394555e-09
	1.480000000000000e+01		-1.435187116748303e-09		-1.423925190335656e-09
	1.484000000000000e+01		-1.433853619683918e-09		-1.425291345777222e-09
	1.488000000000000e+01		-1.432634319937151e-09		-1.426536414814870e-09
	1.492000000000000e+01		-1.431522166024132e-09		-1.427673668823675e-09
	1.496000000000000e+01		-1.430504410390447e-09		-1.428708958278092e-09
	1.500000000000000e+01		0.000000000000000e+00		0.000000000000000e+00
