# eta_L = 3.200000000000000e-21
# eta_B = 0.000000000000000e+00
#	T		Y_L		Y_B		BAU		Ups_L		Ups_B
	1.100000000000000e+01		-3.567431258561941e-09		5.491436119230715e-10		6.022908079747276e-10		-1.647431258561941e-09		5.491436119230715e-10
	1.104000000000000e+01		-3.752666658132709e-09		5.491426610650902e-10		6.022897650908455e-10		-1.647428521537794e-09		5.491426610650902e-10
	1.108000000000000e+01		-3.955773065121593e-09		5.491415538056969e-10		6.022885506687160e-10		-1.647425350656160e-09		5.491415538056969e-10
	1.112000000000000e+01		-4.178474596749823e-09		5.491402569964234e-10		6.022871283516970e-10		-1.647421658721522e-09		5.491402569964234e-10
	1.116000000000000e+01		-4.422661696623256e-09		5.491387286329771e-10		6.022854520702380e-10		-1.647417336791075e-09		5.491387286329771e-10
	1.120000000000000e+01		-4.690407177258823e-09		5.491369149949522e-10		6.022834629047671e-10		-1.647412247733485e-09		5.491369149949522e-10
	1.124000000000000e+01		-4.983983808810773e-09		5.491347467056086e-10		6.022810847641272e-10		-1.647406217611973e-09		5.491347467056086e-10
	1.128000000000000e+01		-5.305883602570532e-09		5.491321332470418e-10		6.022782183699133e-10		-1.647399024081097e-09		5.491321332470418e-10
	1.132000000000000e+01		-5.658838951904997e-09		5.491289552429734e-10		6.022747327923766e-10		-1.647390380665241e-09		5.491289552429734e-10
	1.136000000000000e+01		-6.045845808661656e-09		5.491250534778398e-10		6.022704534067592e-10		-1.647379915347531e-09		5.491250534778398e-10
	1.140000000000000e+01		-6.470189089770824e-09		5.491202130985542e-10		6.022651445660706e-10		-1.647367141272430e-09		5.491202130985542e-10
	1.144000000000000e+01		-6.935470526957437e-09		5.491141406250118e-10		6.022584843866260e-10		-1.647351416548157e-09		5.491141406250118e-10
	1.148000000000000e+01		-7.445639192212535e-09		5.491064301250250e-10		6.022500276493242e-10		-1.647331889040664e-09		5.491064301250250e-10
	1.152000000000000e+01		-8.005024953187177e-09		5.490965129137644e-10		6.022391506309027e-10		-1.647307420721428e-09		5.490965129137644e-10
	1.156000000000000e+01		-8.618375136255233e-09		5.490835820177499e-10		6.022249682574045e-10		-1.647276484669287e-09		5.490835820177499e-10
	1.160000000000000e+01		-9.290894701212320e-09		5.490664778039842e-10		6.022062086642762e-10		-1.647237026585173e-09		5.490664778039842e-10
	1.164000000000000e+01		-1.002829026165438e-08		5.490435137452088e-10		6.021810220988424e-10		-1.647186282643197e-09		5.490435137452088e-10
	1.168000000000000e+01		-1.083681832084110e-08		5.490122102894198e-10		6.021466890331922e-10		-1.647120548246448e-09		5.490122102894198e-10
	1.172000000000000e+01		-1.172333813758046e-08		5.489688892595542e-10		6.020991753090706e-10		-1.647034900784824e-09		5.489688892595542e-10
	1.176000000000000e+01		-1.269536969479707e-08		5.489080610642048e-10		6.020324600416448e-10		-1.646922897923656e-09		5.489080610642048e-10
	1.180000000000000e+01		-1.376115731817542e-08		5.488215149882117e-10		6.019375378666342e-10		-1.646776304155713e-09		5.488215149882117e-10
	1.184000000000000e+01		-1.492973958474780e-08		5.486970062330579e-10		6.018009789098998e-10		-1.646584943104222e-09		5.486970062330579e-10
	1.188000000000000e+01		-1.621102626080732e-08		5.485164373899198e-10		6.016029342598895e-10		-1.646336820246996e-09		5.485164373899198e-10
	1.192000000000000e+01		-1.761588309560597e-08		5.482534772569998e-10		6.013145243294400e-10		-1.646018690434689e-09		5.482534772569998e-10
	1.196000000000000e+01		-1.915622533522605e-08		5.478706680820796e-10		6.008946661315901e-10		-1.645617219592584e-09		5.478706680820796e-10
	1.200000000000000e+01		-2.084512079180629e-08		5.473162476639998e-10		6.002865878178069e-10		-1.645120791806289e-09		5.473162476639998e-10
	1.204000000000000e+01		-2.269690319652585e-08		5.465211333560406e-10		5.994145207872974e-10		-1.644521830576698e-09		5.465211333560406e-10
	1.208000000000000e+01		-2.472729643194308e-08		5.453967181894850e-10		5.981812825150863e-10		-1.643819287288754e-09		5.453967181894850e-10
	1.212000000000000e+01		-2.695355015899285e-08		5.438342316620823e-10		5.964675754763330e-10		-1.643020778709835e-09		5.438342316620823e-10
	1.216000000000000e+01		-2.939458740731218e-08		5.417063449635284e-10		5.941337477286831e-10		-1.642143808990370e-09		5.417063449635284e-10
	1.220000000000000e+01		-3.207116494023128e-08		5.388714249172317e-10		5.910244585588640e-10		-1.641215644977905e-09		5.388714249172317e-10
	1.224000000000000e+01		-3.500604758065590e-08		5.351804074298316e-10		5.869762171581310e-10		-1.640271668667896e-09		5.351804074298316e-10
	1.228000000000000e+01		-3.822419818501178e-08		5.304857668400203e-10		5.818272200422644e-10		-1.639352400117436e-09		5.304857668400203e-10
	1.232000000000000e+01		-4.175298540413211e-08		5.246516375486617e-10		5.754284522729078e-10		-1.638499691734550e-09		5.246516375486617e-10
	1.236000000000000e+01		-4.562241156263969e-08		5.175639074147453e-10		5.676547577121828e-10		-1.637752629498446e-09		5.175639074147453e-10
	1.240000000000000e+01		-4.986536352101888e-08		5.091390757512424e-10		5.584145543127612e-10		-1.637144036034943e-09		5.091390757512424e-10
	1.244000000000000e+01		-5.451788878656866e-08		4.993308990434795e-10		5.476571230219006e-10		-1.636697682475862e-09		4.993308990434795e-10
	1.248000000000000e+01		-5.961950003611101e-08		4.881341727038852e-10		5.353767555418345e-10		-1.636427004392303e-09		4.881341727038852e-10
	1.252000000000000e+01		-6.521351018382999e-08		4.755854482464761e-10		5.216135409138111e-10		-1.636334859172498e-09		4.755854482464761e-10
	1.256000000000000e+01		-7.134740096109554e-08		4.617608524027888e-10		5.064509735637881e-10		-1.636414445236078e-09		4.617608524027888e-10
	1.260000000000000e+01		-7.807322764107466e-08		4.467714930894199e-10		4.900109146504975e-10		-1.636650894803188e-09		4.467714930894199e-10
	1.264000000000000e+01		-8.544806357655254e-08		4.307571122780796e-10		4.724466306478125e-10		-1.637023786440678e-09		4.307571122780796e-10
	1.268000000000000e+01		-9.353448644576378e-08		4.138787315634002e-10		4.539347271361799e-10		-1.637508719817221e-09		4.138787315634002e-10
	1.272000000000000e+01		-1.024011122208857e-07		3.963109584807268e-10		4.346667105107542e-10		-1.638079852929372e-09		3.963109584807268e-10
	1.276000000000000e+01		-1.121231798076685e-07		3.782345673343708e-10		4.148408507676545e-10		-1.638711838934351e-09		3.782345673343708e-10
	1.280000000000000e+01		-1.227831910970174e-07		3.598297880571459e-10		3.946548208461607e-10		-1.639380956820326e-09		3.598297880571459e-10
	1.284000000000000e+01		-1.344716122463015e-07		3.412705965154330e-10		3.742994343383014e-10		-1.640065829865738e-09		3.412705965154330e-10
	1.288000000000000e+01		-1.472876430654630e-07		3.227201527512844e-10		3.539536422350802e-10		-1.640748659859686e-09		3.227201527512844e-10
	1.292000000000000e+01		-1.613400586407903e-07		3.043274300496354e-10		3.337808357481987e-10		-1.641414589077456e-09		3.043274300496354e-10
	1.296000000000000e+01		-1.767481335807736e-07		2.862249637992444e-10		3.139263773013423e-10		-1.642052424438892e-09		2.862249637992444e-10
	1.300000000000000e+01		-1.936426539372844e-07		2.685276134496977e-10		2.945162426669555e-10		-1.642653937284389e-09		2.685276134496977e-10
	1.304000000000000e+01		-2.121670271542654e-07		2.513321786989641e-10		2.756566000076744e-10		-1.643213494773838e-09		2.513321786989641e-10
	1.308000000000000e+01		-2.324784998190727e-07		2.347177051248332e-10		2.574341450873760e-10		-1.643728372529408e-09		2.347177051248332e-10
	1.312000000000000e+01		-2.547494907586116e-07		2.187463197227523e-10		2.399170176740051e-10		-1.644196955781407e-09		2.187463197227523e-10
	1.316000000000000e+01		-2.791690556648923e-07		2.034644375566660e-10		2.231561249724507e-10		-1.644619681674267e-09		2.034644375566660e-10
	1.320000000000000e+01		-3.059444910955109e-07		1.889042150714676e-10		2.071867355914258e-10		-1.644998142977137e-09		1.889042150714676e-10
	1.324000000000000e+01		-3.353030935902463e-07		1.750851350334107e-10		1.920302178775228e-10		-1.645334470366203e-09		1.750851350334107e-10
	1.328000000000000e+01		-3.674940889318878e-07		1.620156357653761e-10		1.776958268310647e-10		-1.645631082944380e-09		1.620156357653761e-10
	1.332000000000000e+01		-4.027907489566679e-07		1.496947160653138e-10		1.641824643517034e-10		-1.645891832692285e-09		1.496947160653138e-10
	1.336000000000000e+01		-4.414927092115254e-07		1.381134693675690e-10		1.514803618788870e-10		-1.646119880112981e-09		1.381134693675690e-10
	1.340000000000000e+01		-4.839285129777826e-07		1.272565096819866e-10		1.395726443361497e-10		-1.646318127943215e-09		1.272565096819866e-10
	1.344000000000000e+01		-5.304584011439760e-07		1.171032707343801e-10		1.284367550049430e-10		-1.646490103048039e-09		1.171032707343801e-10
	1.348000000000000e+01		-5.814773678017657e-07		1.076291687020634e-10		1.180457307919938e-10		-1.646637484578571e-09		1.076291687020634e-10
	1.352000000000000e+01		-6.374185186477735e-07		9.880662287242577e-11		1.083693216692179e-10		-1.646765401198619e-09		9.880662287242577e-11
	1.356000000000000e+01		-6.987567397572756e-07		9.060594238203530e-11		9.937496323317409e-11		-1.646874598681052e-09		9.060594238203530e-11
	1.360000000000000e+01		-7.660127344017622e-07		8.299607990652441e-11		9.102860333853494e-11		-1.646966939047526e-09		8.299607990652441e-11
	1.364000000000000e+01		-8.397574445659638e-07		7.594526640695823e-11		8.329539827645414e-11		-1.647046664845155e-09		7.594526640695823e-11
	1.368000000000000e+01		-9.206168916915606e-07		6.942153716855865e-11		7.614028972435016e-11		-1.647114432095021e-09		6.942153716855865e-11
	1.372000000000000e+01		-1.009277495508251e-06		6.339315879206194e-11		6.952847306232511e-11		-1.647171828687257e-09		6.339315879206194e-11
	1.376000000000000e+01		-1.106491900309839e-06		5.782897093927032e-11		6.342577219352123e-11		-1.647220622497609e-09		5.782897093927032e-11
	1.380000000000000e+01		-1.213085363004586e-06		5.269865323311079e-11		5.779893227529099e-11		-1.647261602614512e-09		5.269865323311079e-11
	1.384000000000000e+01		-1.329962761500198e-06		4.797292773820618e-11		5.261584179623504e-11		-1.647297335840350e-09		4.797292773820618e-11
	1.388000000000000e+01		-1.458116270187419e-06		4.362370737589218e-11		4.784569535511574e-11		-1.647326131386122e-09		4.362370737589218e-11
	1.392000000000000e+01		-1.598633791421504e-06		3.962419795781280e-11		4.345910556946416e-11		-1.647350904375196e-09		3.962419795781280e-11
	1.396000000000000e+01		-1.752708184004476e-06		3.594896297632926e-11		3.942817413653183e-11		-1.647372441129000e-09		3.594896297632926e-11
	1.400000000000000e+01		-1.921647389911829e-06		3.257395696887902e-11		3.572652842671790e-11		-1.647389911829460e-09		3.257395696887902e-11
	1.404000000000000e+01		-2.106885540743861e-06		2.947653376574753e-11		3.232933052957642e-11		-1.647404148945727e-09		2.947653376574753e-11
	1.408000000000000e+01		-2.309995131491075e-06		2.663543487515520e-11		2.921326451478924e-11		-1.647417025641954e-09		2.663543487515520e-11
	1.412000000000000e+01		-2.532700364495830e-06		2.403076227856371e-11		2.635650659454873e-11		-1.647426467527893e-09		2.403076227856371e-11
	1.416000000000000e+01		-2.776891794787272e-06		2.164393910837294e-11		2.373868199556498e-11		-1.647434955091325e-09		2.164393910837294e-11
	1.420000000000000e+01		-3.044642371897552e-06		1.945766170099567e-11		2.134081237174313e-11		-1.647442372213969e-09		1.945766170099567e-11
	1.424000000000000e+01		-3.338225040368027e-06		1.745584521683078e-11		1.914525616115081e-11		-1.647449169225905e-09		1.745584521683078e-11
	1.428000000000000e+01		-3.660132031966052e-06		1.562356513329120e-11		1.713564441662660e-11		-1.647453476617530e-09		1.562356513329120e-11
	1.432000000000000e+01		-4.013096028878447e-06		1.394699619384206e-11		1.529681384618628e-11		-1.647457638691430e-09		1.394699619384206e-11
	1.436000000000000e+01		-4.400113354499655e-06		1.241335032853785e-11		1.361473872538787e-11		-1.647461185530639e-09		1.241335032853785e-11
	1.440000000000000e+01		-4.824469412640608e-06		1.101081448102524e-11		1.207646270710975e-11		-1.647464142213961e-09		1.101081448102524e-11
	1.444000000000000e+01		-5.289766578027686e-06		9.728489280838441e-12		1.067003155843046e-11		-1.647467618405948e-09		9.728489280838441e-12
	1.448000000000000e+01		-5.799954772993688e-06		8.556329198414301e-12		9.384427523728771e-12		-1.647469821816570e-09		8.556329198414301e-12
	1.452000000000000e+01		-6.359365003710442e-06		7.485084631629469e-12		8.209505806242310e-12		-1.647471244693331e-09		7.485084631629469e-12
	1.456000000000000e+01		-6.972746124176351e-06		6.506246322494498e-12		7.135933605300262e-12		-1.647472590404816e-09		6.506246322494498e-12
	1.460000000000000e+01		-7.645305148069374e-06		5.611992314385544e-12		6.155131939971899e-12		-1.647473442226346e-09		5.611992314385544e-12
	1.464000000000000e+01		-8.382751453979525e-06		4.795137600276447e-12		5.259220424155789e-12		-1.647474968338770e-09		4.795137600276447e-12
	1.468000000000000e+01		-9.191345248421496e-06		4.049086555821890e-12		4.440965096043419e-12		-1.647475826840291e-09		4.049086555821890e-12
	1.472000000000000e+01		-1.007795071351229e-05		3.367788160010350e-12		3.693729304939102e-12		-1.647476716654776e-09		3.367788160010350e-12
	1.476000000000000e+01		-1.105009427351491e-05		2.745694001199979e-12		3.011427653037622e-12		-1.647476641500269e-09		2.745694001199979e-12
	1.480000000000000e+01		-1.211602849128144e-05		2.177718997133854e-12		2.388482913845504e-12		-1.647477261727683e-09		2.177718997133854e-12
	1.484000000000000e+01		-1.328480211901745e-05		1.659204761767725e-12		1.819785853578484e-12		-1.647477373868705e-09		1.659204761767725e-12
	1.488000000000000e+01		-1.456633691801046e-05		1.185885506992770e-12		1.300657832786102e-12		-1.647477450128181e-09		1.185885506992770e-12
	1.492000000000000e+01		-1.597151188298397e-05		7.538563776315920e-13		8.268160767464935e-13		-1.647477812687207e-09		7.538563776315920e-13
	1.496000000000000e+01		-1.751225559352747e-05		3.595440946926135e-13		3.943414775173462e-13		-1.647477894005762e-09		3.595440946926135e-13
	1.500000000000000e+01		-1.920000000000000e-05		0.000000000000000e+00		0.000000000000000e+00		0.000000000000000e+00		0.000000000000000e+00
