# eta_L = 1.700000000000000e-24
# eta_B = 0.000000000000000e+00
#	T		Y_L		Y_B		BAU		Ups_L		Ups_B		Y_Leq		Y_Beq
	1.100000000000000e+01		-3.077632867894593e-10		3.067403491405983e-10		1.682136409411804e-10		-3.067432867894593e-10		3.067403491405983e-10		-1.020000000000000e-12		0.000000000000000e-01
	1.104000000000000e+01		-3.078430224799534e-10		3.067210773610530e-10		1.682030724710923e-10		-3.067246147198873e-10		3.067210773610530e-10		-1.118407760066049e-12		0.000000000000000e-01
	1.108000000000000e+01		-3.079304814303466e-10		3.066999115434097e-10		1.681914653275937e-10		-3.067041717070368e-10		3.066999115434097e-10		-1.226309723309761e-12		0.000000000000000e-01
	1.112000000000000e+01		-3.080264151460294e-10		3.066766617280304e-10		1.681787153385325e-10		-3.066817932727018e-10		3.066766617280304e-10		-1.344621873327535e-12		0.000000000000000e-01
	1.116000000000000e+01		-3.081316489987898e-10		3.066511180970732e-10		1.681647074416967e-10		-3.066573004326290e-10		3.066511180970732e-10		-1.474348566160846e-12		0.000000000000000e-01
	1.120000000000000e+01		-3.082470896480263e-10		3.066230487306223e-10		1.681493144542959e-10		-3.066304985917160e-10		3.066230487306223e-10		-1.616591056310336e-12		0.000000000000000e-01
	1.124000000000000e+01		-3.083737332546482e-10		3.065921970631869e-10		1.681323956781292e-10		-3.066011764093238e-10		3.065921970631869e-10		-1.772556845324363e-12		0.000000000000000e-01
	1.128000000000000e+01		-3.085126745646684e-10		3.065582790099306e-10		1.681137953236344e-10		-3.065691046323459e-10		3.065582790099306e-10		-1.943569932322512e-12		0.000000000000000e-01
	1.132000000000000e+01		-3.086651169842709e-10		3.065209796914738e-10		1.680933407137996e-10		-3.065340349307998e-10		3.065209796914738e-10		-2.131082053471120e-12		0.000000000000000e-01
	1.136000000000000e+01		-3.088323837512541e-10		3.064799497076408e-10		1.680708402407199e-10		-3.064956987454310e-10		3.064799497076408e-10		-2.336685005823128e-12		0.000000000000000e-01
	1.140000000000000e+01		-3.090159303635476e-10		3.064348008597884e-10		1.680460810197604e-10		-3.064538062034079e-10		3.064348008597884e-10		-2.562124160139772e-12		0.000000000000000e-01
	1.144000000000000e+01		-3.092173584109248e-10		3.063851012414449e-10		1.680188261973076e-10		-3.064080451335198e-10		3.063851012414449e-10		-2.809313277404930e-12		0.000000000000000e-01
	1.148000000000000e+01		-3.094384310202458e-10		3.063303695588034e-10		1.679888118361786e-10		-3.063580802654357e-10		3.063303695588034e-10		-3.080350754810057e-12		0.000000000000000e-01
	1.152000000000000e+01		-3.096810901335825e-10		3.062700685401797e-10		1.679557433014273e-10		-3.063035526944600e-10		3.062700685401797e-10		-3.377537439122429e-12		0.000000000000000e-01
	1.156000000000000e+01		-3.099474759028630e-10		3.062035972364762e-10		1.679192910379889e-10		-3.062440797442080e-10		3.062035972364762e-10		-3.703396158655034e-12		0.000000000000000e-01
	1.160000000000000e+01		-3.102399485537287e-10		3.061302819535817e-10		1.678790855980887e-10		-3.061792554140830e-10		3.061302819535817e-10		-4.060693139645672e-12		0.000000000000000e-01
	1.164000000000000e+01		-3.105611131103430e-10		3.060493655273553e-10		1.678347117597410e-10		-3.061086516214933e-10		3.060493655273553e-10		-4.452461488849693e-12		0.000000000000000e-01
	1.168000000000000e+01		-3.109138475486790e-10		3.059599944858488e-10		1.677857014866269e-10		-3.060318206069881e-10		3.059599944858488e-10		-4.882026941690911e-12		0.000000000000000e-01
	1.172000000000000e+01		-3.113013350387994e-10		3.058612035614177e-10		1.677315254346759e-10		-3.059482989442518e-10		3.058612035614177e-10		-5.353036094547680e-12		0.000000000000000e-01
	1.176000000000000e+01		-3.117271012270776e-10		3.057518967375323e-10		1.676715825583083e-10		-3.058576138662386e-10		3.057518967375323e-10		-5.869487360839001e-12		0.000000000000000e-01
	1.180000000000000e+01		-3.121950578461843e-10		3.056308236928773e-10		1.676051871925916e-10		-3.057592929324863e-10		3.056308236928773e-10		-6.435764913697971e-12		0.000000000000000e-01
	1.184000000000000e+01		-3.127095547650810e-10		3.054965496987015e-10		1.675315525452187e-10		-3.056528788617078e-10		3.054965496987015e-10		-7.056675903373152e-12		0.000000000000000e-01
	1.188000000000000e+01		-3.132754442684518e-10		3.053474153710137e-10		1.674497686249748e-10		-3.055379530031541e-10		3.053474153710137e-10		-7.737491265297674e-12		0.000000000000000e-01
	1.192000000000000e+01		-3.138981655892668e-10		3.051814784777362e-10		1.673587703293060e-10		-3.054141751240195e-10		3.051814784777362e-10		-8.483990465247244e-12		0.000000000000000e-01
	1.196000000000000e+01		-3.145838664094158e-10		3.049964213630239e-10		1.672572866766497e-10		-3.052813558479855e-10		3.049964213630239e-10		-9.302510561430279e-12		0.000000000000000e-01
	1.200000000000000e+01		-3.153395955879170e-10		3.047893901055655e-10		1.671437526022990e-10		-3.051395955879170e-10		3.047893901055655e-10		-1.020000000000000e-11		0.000000000000000e-01
	1.204000000000000e+01		-3.161736280110369e-10		3.045567050833385e-10		1.670161502347235e-10		-3.049895504103764e-10		3.045567050833385e-10		-1.118407760066049e-11		0.000000000000000e-01
	1.208000000000000e+01		-3.170960145829648e-10		3.042933508490040e-10		1.668717291478374e-10		-3.048329173498671e-10		3.042933508490040e-10		-1.226309723309761e-11		0.000000000000000e-01
	1.212000000000000e+01		-3.181194729052712e-10		3.039921313042135e-10		1.667065430662091e-10		-3.046732541719958e-10		3.039921313042135e-10		-1.344621873327535e-11		0.000000000000000e-01
	1.216000000000000e+01		-3.192607227600543e-10		3.036423885411360e-10		1.665147472893087e-10		-3.045172370984458e-10		3.036423885411360e-10		-1.474348566160846e-11		0.000000000000000e-01
	1.220000000000000e+01		-3.205423015276463e-10		3.032282539842719e-10		1.662876396334531e-10		-3.043763909645429e-10		3.032282539842719e-10		-1.616591056310336e-11		0.000000000000000e-01
	1.224000000000000e+01		-3.219947611173932e-10		3.027265354959717e-10		1.660125017395277e-10		-3.042691926641495e-10		3.027265354959717e-10		-1.772556845324363e-11		0.000000000000000e-01
	1.228000000000000e+01		-3.236589731087994e-10		3.021045203618421e-10		1.656713942499991e-10		-3.042232737855742e-10		3.021045203618421e-10		-1.943569932322512e-11		0.000000000000000e-01
	1.232000000000000e+01		-3.255881073120330e-10		3.013181364106386e-10		1.652401483836491e-10		-3.042772867773218e-10		3.013181364106386e-10		-2.131082053471120e-11		0.000000000000000e-01
	1.236000000000000e+01		-3.278487631764722e-10		3.003109991626396e-10		1.646878434003366e-10		-3.044819131182409e-10		3.003109991626396e-10		-2.336685005823128e-11		0.000000000000000e-01
	1.240000000000000e+01		-3.305207793380535e-10		2.990148256900442e-10		1.639770335583072e-10		-3.048995377366558e-10		2.990148256900442e-10		-2.562124160139772e-11		0.000000000000000e-01
	1.244000000000000e+01		-3.336954247517413e-10		2.973515150222271e-10		1.630648889896722e-10		-3.056022919776920e-10		2.973515150222271e-10		-2.809313277404930e-11		0.000000000000000e-01
	1.248000000000000e+01		-3.374719594808209e-10		2.952369067748770e-10		1.619052568987275e-10		-3.066684519327204e-10		2.952369067748770e-10		-3.080350754810057e-11		0.000000000000000e-01
	1.252000000000000e+01		-3.419528588402516e-10		2.925859200397421e-10		1.604514796827427e-10		-3.081774844490273e-10		2.925859200397421e-10		-3.377537439122429e-11		0.000000000000000e-01
	1.256000000000000e+01		-3.472382526135478e-10		2.893185127481262e-10		1.586596629931537e-10		-3.102042910269975e-10		2.893185127481262e-10		-3.703396158655034e-11		0.000000000000000e-01
	1.260000000000000e+01		-3.534202905395052e-10		2.853657403511567e-10		1.564919982611779e-10		-3.128133591430485e-10		2.853657403511567e-10		-4.060693139645672e-11		0.000000000000000e-01
	1.264000000000000e+01		-3.605781268717042e-10		2.806752082934960e-10		1.539197527852207e-10		-3.160535119832072e-10		2.806752082934960e-10		-4.452461488849693e-11		0.000000000000000e-01
	1.268000000000000e+01		-3.687741608287144e-10		2.752152711328525e-10		1.509255724901435e-10		-3.199538914118053e-10		2.752152711328525e-10		-4.882026941690911e-11		0.000000000000000e-01
	1.272000000000000e+01		-3.780518400862523e-10		2.689776611087908e-10		1.475049234106913e-10		-3.245214791407755e-10		2.689776611087908e-10		-5.353036094547680e-11		0.000000000000000e-01
	1.276000000000000e+01		-3.884353361528223e-10		2.619782312363509e-10		1.436664991973319e-10		-3.297404625444323e-10		2.619782312363509e-10		-5.869487360839001e-11		0.000000000000000e-01
	1.280000000000000e+01		-3.999308622763430e-10		2.542560412506637e-10		1.394317198565267e-10		-3.355732131393633e-10		2.542560412506637e-10		-6.435764913697971e-11		0.000000000000000e-01
	1.284000000000000e+01		-4.125292948329572e-10		2.458711129650252e-10		1.348335008093435e-10		-3.419625357992256e-10		2.458711129650252e-10		-7.056675903373152e-11		0.000000000000000e-01
	1.288000000000000e+01		-4.262105067511181e-10		2.369004946917969e-10		1.299140946553733e-10		-3.488355940981414e-10		2.369004946917969e-10		-7.737491265297674e-11		0.000000000000000e-01
	1.292000000000000e+01		-4.409471894870006e-10		2.274347843036147e-10		1.247231844508568e-10		-3.561072848345281e-10		2.274347843036147e-10		-8.483990465247244e-11		0.000000000000000e-01
	1.296000000000000e+01		-4.567105926451211e-10		2.175727929170125e-10		1.193149573209121e-10		-3.636854870308183e-10		2.175727929170125e-10		-9.302510561430279e-11		0.000000000000000e-01
	1.300000000000000e+01		-4.734743950225125e-10		2.074180696265447e-10		1.137461986550711e-10		-3.714743950225125e-10		2.074180696265447e-10		-1.020000000000000e-10		0.000000000000000e-01
	1.304000000000000e+01		-4.912199005067486e-10		1.970741160654726e-10		1.080736678155209e-10		-3.793791245001438e-10		1.970741160654726e-10		-1.118407760066049e-10		0.000000000000000e-01
	1.308000000000000e+01		-5.099394674994442e-10		1.866414798577066e-10		1.023525042123631e-10		-3.873084951684681e-10		1.866414798577066e-10		-1.226309723309761e-10		0.000000000000000e-01
	1.312000000000000e+01		-5.296401136714179e-10		1.762146221960001e-10		9.663450951174695e-11		-3.951779263386644e-10		1.762146221960001e-10		-1.344621873327535e-10		0.000000000000000e-01
	1.316000000000000e+01		-5.503461219244142e-10		1.658799797386004e-10		9.096708479747278e-11		-4.029112653083296e-10		1.658799797386004e-10		-1.474348566160846e-10		0.000000000000000e-01
	1.320000000000000e+01		-5.721011251990592e-10		1.557145082330686e-10		8.539243190743014e-11		-4.104420195680257e-10		1.557145082330686e-10		-1.616591056310336e-10		0.000000000000000e-01
	1.324000000000000e+01		-5.949697445065302e-10		1.457848630605304e-10		7.994710405145555e-11		-4.177140599740939e-10		1.457848630605304e-10		-1.772556845324363e-10		0.000000000000000e-01
	1.328000000000000e+01		-6.190389929307295e-10		1.361468495540011e-10		7.466170437085975e-11		-4.246819996984782e-10		1.361468495540011e-10		-1.943569932322512e-10		0.000000000000000e-01
	1.332000000000000e+01		-6.444184985545850e-10		1.268462243403622e-10		6.956132538714007e-11		-4.313102932074730e-10		1.268462243403622e-10		-2.131082053471120e-10		0.000000000000000e-01
	1.336000000000000e+01		-6.712418055184159e-10		1.179184550630938e-10		6.466541723609415e-11		-4.375733049361031e-10		1.179184550630938e-10		-2.336685005823128e-10		0.000000000000000e-01
	1.340000000000000e+01		-6.996665382171107e-10		1.093899316111406e-10		5.998845189480574e-11		-4.434541222031336e-10		1.093899316111406e-10		-2.562124160139772e-10		0.000000000000000e-01
	1.344000000000000e+01		-7.298757053984532e-10		1.012778995614885e-10		5.553988668215394e-11		-4.489443776579602e-10		1.012778995614885e-10		-2.809313277404930e-10		0.000000000000000e-01
	1.348000000000000e+01		-7.620764414008725e-10		9.359343279117286e-11		5.132579441242840e-11		-4.540413659198669e-10		9.359343279117286e-11		-3.080350754810057e-10		0.000000000000000e-01
	1.352000000000000e+01		-7.965030411642575e-10		8.633997330099800e-11		4.734806264782638e-11		-4.587492972520146e-10		8.633997330099800e-11		-3.377537439122429e-10		0.000000000000000e-01
	1.356000000000000e+01		-8.334159298453031e-10		7.951651205683608e-11		4.360613804313277e-11		-4.630763139797997e-10		7.951651205683608e-11		-3.703396158655034e-10		0.000000000000000e-01
	1.360000000000000e+01		-8.731057047041331e-10		7.311541480528627e-11		4.009583404263679e-11		-4.670363907395660e-10		7.311541480528627e-11		-4.060693139645672e-10		0.000000000000000e-01
	1.364000000000000e+01		-9.158897762925628e-10		6.712822921339106e-11		3.681251546317712e-11		-4.706436274075936e-10		6.712822921339106e-11		-4.452461488849693e-10		0.000000000000000e-01
	1.368000000000000e+01		-9.621195560423036e-10		6.154110117414649e-11		3.374858483742464e-11		-4.739168618732125e-10		6.154110117414649e-11		-4.882026941690911e-10		0.000000000000000e-01
	1.372000000000000e+01		-1.012178035444619e-09		5.633989019151880e-11		3.089628764488924e-11		-4.768744259898506e-10		5.633989019151880e-11		-5.353036094547680e-10		0.000000000000000e-01
	1.376000000000000e+01		-1.066486985519202e-09		5.150643408799459e-11		2.824566391122939e-11		-4.795382494353021e-10		5.150643408799459e-11		-5.869487360839001e-10		0.000000000000000e-01
	1.380000000000000e+01		-1.125504476346308e-09		4.702384576826631e-11		2.578745290568514e-11		-4.819279849765111e-10		4.702384576826631e-11		-6.435764913697971e-10		0.000000000000000e-01
	1.384000000000000e+01		-1.189732441786755e-09		4.287330600453255e-11		2.351133433346306e-11		-4.840648514494397e-10		4.287330600453255e-11		-7.056675903373152e-10		0.000000000000000e-01
	1.388000000000000e+01		-1.259718205585397e-09		3.903608220514334e-11		2.140703541025375e-11		-4.859690790556298e-10		3.903608220514334e-11		-7.737491265297674e-10		0.000000000000000e-01
	1.392000000000000e+01		-1.336059608027011e-09		3.549360326393484e-11		1.946437190893197e-11		-4.876605615022870e-10		3.549360326393484e-11		-8.483990465247244e-10		0.000000000000000e-01
	1.396000000000000e+01		-1.419410618133856e-09		3.222602168203285e-11		1.767245964012205e-11		-4.891595619908285e-10		3.222602168203285e-11		-9.302510561430279e-10		0.000000000000000e-01
	1.400000000000000e+01		-1.510482634906575e-09		2.921687565388071e-11		1.602227109812770e-11		-4.904826349065754e-10		2.921687565388071e-11		-1.020000000000000e-09		0.000000000000000e-01
	1.404000000000000e+01		-1.610056040117838e-09		2.644729817498245e-11		1.450345978784706e-11		-4.916482800517892e-10		2.644729817498245e-11		-1.118407760066049e-09		0.000000000000000e-01
	1.408000000000000e+01		-1.718981532406833e-09		2.390114890921872e-11		1.310717449452389e-11		-4.926718090970714e-10		2.390114890921872e-11		-1.226309723309761e-09		0.000000000000000e-01
	1.412000000000000e+01		-1.838190088288739e-09		2.156223355957559e-11		1.182453441173404e-11		-4.935682149612040e-10		2.156223355957559e-11		-1.344621873327535e-09		0.000000000000000e-01
	1.416000000000000e+01		-1.968700228231760e-09		1.941483839410127e-11		1.064692227059915e-11		-4.943516620709136e-10		1.941483839410127e-11		-1.474348566160846e-09		0.000000000000000e-01
	1.420000000000000e+01		-2.111625216369692e-09		1.744516427093701e-11		9.566770746179977e-12		-4.950341600593559e-10		1.744516427093701e-11		-1.616591056310336e-09		0.000000000000000e-01
	1.424000000000000e+01		-2.268184620686771e-09		1.563897754719694e-11		8.576274237092815e-12		-4.956277753624082e-10		1.563897754719694e-11		-1.772556845324363e-09		0.000000000000000e-01
	1.428000000000000e+01		-2.439712452769632e-09		1.398409584664521e-11		7.668752038084224e-12		-4.961425204471196e-10		1.398409584664521e-11		-1.943569932322512e-09		0.000000000000000e-01
	1.432000000000000e+01		-2.627670154746894e-09		1.246815687622445e-11		6.837424779138526e-12		-4.965881012757740e-10		1.246815687622445e-11		-2.131082053471120e-09		0.000000000000000e-01
	1.436000000000000e+01		-2.833657856462656e-09		1.108041215793558e-11		6.076398091862818e-12		-4.969728506395277e-10		1.108041215793558e-11		-2.336685005823128e-09		0.000000000000000e-01
	1.440000000000000e+01		-3.059428578118264e-09		9.810252307082232e-12		5.379853885376910e-12		-4.973044179784920e-10		9.810252307082232e-12		-2.562124160139772e-09		0.000000000000000e-01
	1.444000000000000e+01		-3.306902816308009e-09		8.648320969012992e-12		4.742661219176037e-12		-4.975895389030796e-10		8.648320969012992e-12		-2.809313277404930e-09		0.000000000000000e-01
	1.448000000000000e+01		-3.578184992335655e-09		7.585562444815176e-12		4.159854029650904e-12		-4.978342375255982e-10		7.585562444815176e-12		-3.080350754810057e-09		0.000000000000000e-01
	1.452000000000000e+01		-3.875581110624869e-09		6.613903074544528e-12		3.627004794505375e-12		-4.980436715024395e-10		6.613903074544528e-12		-3.377537439122429e-09		0.000000000000000e-01
	1.456000000000000e+01		-4.201618756352880e-09		5.725684798727995e-12		3.139913902993374e-12		-4.982225976978465e-10		5.725684798727995e-12		-3.703396158655034e-09		0.000000000000000e-01
	1.460000000000000e+01		-4.559067641395084e-09		4.913950226304167e-12		2.694765984606356e-12		-4.983745017494121e-10		4.913950226304167e-12		-4.060693139645672e-09		0.000000000000000e-01
	1.464000000000000e+01		-4.950963865303466e-09		4.172274497868869e-12		2.288037704393639e-12		-4.985023764537734e-10		4.172274497868869e-12		-4.452461488849693e-09		0.000000000000000e-01
	1.468000000000000e+01		-5.380633667401042e-09		3.494717288651725e-12		1.916471441827643e-12		-4.986067257101306e-10		3.494717288651725e-12		-4.882026941690911e-09		0.000000000000000e-01
	1.472000000000000e+01		-5.851718816945792e-09		2.875856139060662e-12		1.577093568973878e-12		-4.986827223981119e-10		2.875856139060662e-12		-5.353036094547680e-09		0.000000000000000e-01
	1.476000000000000e+01		-6.368195468447866e-09		2.310712732842919e-12		1.267174022099356e-12		-4.987081076088649e-10		2.310712732842919e-12		-5.869487360839001e-09		0.000000000000000e-01
	1.480000000000000e+01		-6.934361667752866e-09		1.794764534840727e-12		9.842326837128341e-13		-4.985967540548948e-10		1.794764534840727e-12		-6.435764913697971e-09		0.000000000000000e-01
	1.484000000000000e+01		-7.554677292165327e-09		1.324028288236019e-12		7.260851717007504e-13		-4.980013887921748e-10		1.324028288236019e-12		-7.056675903373152e-09		0.000000000000000e-01
	1.488000000000000e+01		-8.232869052363954e-09		8.954904337310413e-13		4.910788773238648e-13		-4.953777870662800e-10		8.954904337310413e-13		-7.737491265297674e-09		0.000000000000000e-01
	1.492000000000000e+01		-8.966975530989061e-09		5.091960178212067e-13		2.792385036739817e-13		-4.829850657418167e-10		5.091960178212067e-13		-8.483990465247244e-09		0.000000000000000e-01
	1.496000000000000e+01		-9.718927223586361e-09		1.792488148498839e-13		9.829843339739407e-14		-4.164166621560816e-10		1.792488148498839e-13		-9.302510561430279e-09		0.000000000000000e-01
	1.500000000000000e+01		-1.020000000000000e-08		0.000000000000000e+00		0.000000000000000e+00		0.000000000000000e+00		0.000000000000000e+00		-1.020000000000000e-08		0.000000000000000e-01
