# eta_L = 0.000000000000000e+00
# eta_B = 3.000000000000000e-23
# T_R = 1.957669136354276e+14
# T_S = 6.794432215681415e+12
#x_sph = 1.000000000000000e+00
# m_nu = 5.000000000000000e-11
#	T		U_m		U_p
	1.100000000000000e+01		3.960765949242397e-09		-2.527722566766008e-13
	1.104000000000000e+01		3.957696306325453e-09		-3.043375074046948e-13
	1.108000000000000e+01		3.954330421327622e-09		-3.664748960369082e-13
	1.112000000000000e+01		3.950639695267431e-09		-4.413692401833699e-13
	1.116000000000000e+01		3.946592766268011e-09		-5.316627131987226e-13
	1.120000000000000e+01		3.942155242226295e-09		-6.405524340689593e-13
	1.124000000000000e+01		3.937289407527975e-09		-7.719098323062120e-13
	1.128000000000000e+01		3.931953901269110e-09		-9.304258942103841e-13
	1.132000000000000e+01		3.926103364192398e-09		-1.121790403208358e-12
	1.136000000000000e+01		3.919688051267060e-09		-1.352910022873222e-12
	1.140000000000000e+01		3.912653406532894e-09		-1.632178105496505e-12
	1.144000000000000e+01		3.904939596487953e-09		-1.969807809013780e-12
	1.148000000000000e+01		3.896480997921607e-09		-2.378241241574640e-12
	1.152000000000000e+01		3.887205635675553e-09		-2.872662115177324e-12
	1.156000000000000e+01		3.877034565349904e-09		-3.471629072517056e-12
	1.160000000000000e+01		3.865881195452408e-09		-4.197875895883066e-12
	1.164000000000000e+01		3.853650542909966e-09		-5.079312091136770e-12
	1.168000000000000e+01		3.840238415211861e-09		-6.150293323003099e-12
	1.172000000000000e+01		3.825530511722666e-09		-7.453252900235982e-12
	1.176000000000000e+01		3.809401435876218e-09		-9.040792579583526e-12
	1.180000000000000e+01		3.791713609014862e-09		-1.097843457799764e-11
	1.184000000000000e+01		3.772316075548556e-09		-1.334829272400188e-11
	1.188000000000000e+01		3.751043187826512e-09		-1.625411144522382e-11
	1.192000000000000e+01		3.727713157557189e-09		-1.982851477125220e-11
	1.196000000000000e+01		3.702126458670458e-09		-2.424380885114199e-11
	1.200000000000000e+01		3.674064063914077e-09		-2.972873936139875e-11
	1.204000000000000e+01		3.643285493931674e-09		-3.659453932059216e-11
	1.208000000000000e+01		3.609526652630048e-09		-4.527424100459967e-11
	1.212000000000000e+01		3.572497416043525e-09		-5.637829586257243e-11
	1.216000000000000e+01		3.531878933792190e-09		-7.076601006004992e-11
	1.220000000000000e+01		3.487320593502229e-09		-8.962585561346257e-11
	1.224000000000000e+01		3.438436591135366e-09		-1.145493677622608e-10
	1.228000000000000e+01		3.384802046849055e-09		-1.475755840245289e-10
	1.232000000000000e+01		3.325948608894396e-09		-1.911801489300307e-10
	1.236000000000000e+01		3.261359499404247e-09		-2.481867047522472e-10
	1.240000000000000e+01		3.190463974990297e-09		-3.215897543240601e-10
	1.244000000000000e+01		3.112631198881724e-09		-4.142950397063019e-10
	1.248000000000000e+01		3.027163544777009e-09		-5.288014912582280e-10
	1.252000000000000e+01		2.933289376075923e-09		-6.668615604619165e-10
	1.256000000000000e+01		2.830155346352593e-09		-8.291652622103460e-10
	1.260000000000000e+01		2.716818273811091e-09		-1.015089068969643e-09
	1.264000000000000e+01		2.592236623809252e-09		-1.222539391343022e-09
	1.268000000000000e+01		2.455261597631498e-09		-1.447912576592042e-09
	1.272000000000000e+01		2.304627810667397e-09		-1.686163746484000e-09
	1.276000000000000e+01		2.138943493218549e-09		-1.930976367458003e-09
	1.280000000000000e+01		1.956680109914770e-09		-2.175004942370651e-09
	1.284000000000000e+01		1.756161268675439e-09		-2.410162477040857e-09
	1.288000000000000e+01		1.535550756277646e-09		-2.627922861641389e-09
	1.292000000000000e+01		1.292839509033308e-09		-2.819609548519300e-09
	1.296000000000000e+01		1.025831336350767e-09		-2.976648361476266e-09
	1.300000000000000e+01		7.321272389474284e-10		-3.090773862368650e-09
	1.304000000000000e+01		4.091079902154566e-10		-3.154184912493871e-09
	1.308000000000000e+01		5.391486740016032e-11		-3.159628135561437e-09
	1.312000000000000e+01		-3.365716381698353e-10		-3.100446906981178e-09
	1.316000000000000e+01		-7.657555848457579e-10		-2.970567170540046e-09
	1.320000000000000e+01		-1.237351645029208e-09		-2.764437330351258e-09
	1.324000000000000e+01		-1.755414233406588e-09		-2.476973180910945e-09
	1.328000000000000e+01		-2.324369492972682e-09		-2.103416266533141e-09
	1.332000000000000e+01		-2.949050506041334e-09		-1.639237560657424e-09
	1.336000000000000e+01		-3.634736447729687e-09		-1.080002696353728e-09
	1.340000000000000e+01		-4.387195314474681e-09		-4.212217510944342e-10
	1.344000000000000e+01		-5.212731087865347e-09		3.417767701024146e-10
	1.348000000000000e+01		-6.118235595420430e-09		1.213981289231748e-09
	1.352000000000000e+01		-7.111245397366173e-09		2.200838248775437e-09
	1.356000000000000e+01		-8.200004492151831e-09		3.308376045346039e-09
	1.360000000000000e+01		-9.393532344392804e-09		4.543342002123333e-09
	1.364000000000000e+01		-1.070169991738893e-08		5.913296912273542e-09
	1.368000000000000e+01		-1.213531105494625e-08		7.426815386902606e-09
	1.372000000000000e+01		-1.370619634455964e-08		9.093448696904231e-09
	1.376000000000000e+01		-1.542730637859865e-08		1.092404974507771e-08
	1.380000000000000e+01		-1.731282710874883e-08		1.293078793788818e-08
	1.384000000000000e+01		-1.937829366348816e-08		1.512726005618002e-08
	1.388000000000000e+01		-2.164072569152597e-08		1.752877760247768e-08
	1.392000000000000e+01		-2.411877522211497e-08		2.015226943106633e-08
	1.396000000000000e+01		-2.683287100295819e-08		2.301647009310706e-08
	1.400000000000000e+01		-2.980540041719466e-08		2.614258208077066e-08
	1.404000000000000e+01		-3.306090007889827e-08		2.955384058226140e-08
	1.408000000000000e+01		-3.662626054124580e-08		3.327595086620815e-08
	1.412000000000000e+01		-4.053095961461616e-08		3.733738088632487e-08
	1.416000000000000e+01		-4.480730189131031e-08		4.176951336337978e-08
	1.420000000000000e+01		-4.949068989604245e-08		4.660698083144794e-08
	1.424000000000000e+01		-5.461994537092760e-08		5.188796883248046e-08
	1.428000000000000e+01		-6.023763190290642e-08		5.765449012207402e-08
	1.432000000000000e+01		-6.639039759933036e-08		6.395260968791976e-08
	1.436000000000000e+01		-7.312938705645555e-08		7.083308783951223e-08
	1.440000000000000e+01		-8.051066716950866e-08		7.835175825684518e-08
	1.444000000000000e+01		-8.859571267730089e-08		8.656992782648298e-08
	1.448000000000000e+01		-9.745191983930727e-08		9.555479134159880e-08
	1.452000000000000e+01		-1.071531474265181e-07		1.053801961662230e-07
	1.456000000000000e+01		-1.177803706727093e-07		1.161273779405162e-07
	1.460000000000000e+01		-1.294223454707281e-07		1.278854691305410e-07
	1.464000000000000e+01		-1.421762958486881e-07		1.407519845401231e-07
	1.468000000000000e+01		-1.561487729960428e-07		1.548343104442576e-07
	1.472000000000000e+01		-1.714564400201652e-07		1.702504011337801e-07
	1.476000000000000e+01		-1.882269348429281e-07		1.871297544198428e-07
	1.480000000000000e+01		-2.065997711681833e-07		2.056149187930629e-07
	1.484000000000000e+01		-2.267271287245980e-07		2.258630913352015e-07
	1.488000000000000e+01		-2.487744591964103e-07		2.480479308864596e-07
	1.492000000000000e+01		-2.729204716378529e-07		2.723626916928143e-07
	1.496000000000000e+01		-2.993561400069675e-07		2.990242393011535e-07
	1.500000000000000e+01		-3.282806350011744e-07		3.282806350011744e-07
