# eta_L = 0.000000000000000e+00
# eta_B = 2.000000000000000e-23
#	T		Y_L		Y_B		BAU		Ups_L		Ups_B
	1.100000000000000e+01		1.607326011178554e-09		-5.480152395522709e-10		-6.010532295122815e-10		1.607326011178554e-09		-5.360152395522709e-10
	1.104000000000000e+01		1.608427853408864e-09		-5.495893313473405e-10		-6.027796649992733e-10		1.608427853408864e-09		-5.364315929936223e-10
	1.108000000000000e+01		1.609630234474890e-09		-5.513187357191425e-10		-6.046764445188602e-10		1.609630234474890e-09		-5.368915625037335e-10
	1.112000000000000e+01		1.610941613833862e-09		-5.532191496762501e-10		-6.067607842668989e-10		1.610941613833862e-09		-5.374000688135732e-10
	1.116000000000000e+01		1.612370991003042e-09		-5.553079341289029e-10		-6.090517253765800e-10		1.612370991003042e-09		-5.379626568799518e-10
	1.120000000000000e+01		1.613927894809674e-09		-5.576043059470054e-10		-6.115703445641762e-10		1.613927894809674e-09		-5.385855876374721e-10
	1.124000000000000e+01		1.615622353553650e-09		-5.601295563414888e-10		-6.143399936457810e-10		1.615622353553650e-09		-5.392759463964963e-10
	1.128000000000000e+01		1.617464845012399e-09		-5.629072980834344e-10		-6.173865706827837e-10		1.617464845012399e-09		-5.400417694678754e-10
	1.132000000000000e+01		1.619466213293871e-09		-5.659637482549284e-10		-6.207388300979064e-10		1.619466213293871e-09		-5.408921946846799e-10
	1.136000000000000e+01		1.621637549143022e-09		-5.693280502377915e-10		-6.244287358266349e-10		1.621637549143022e-09		-5.418376384045782e-10
	1.140000000000000e+01		1.623990013919318e-09		-5.730326443042862e-10		-6.284918677744214e-10		1.623990013919318e-09		-5.428900071261713e-10
	1.144000000000000e+01		1.626534595012730e-09		-5.771136938332929e-10		-6.329678892828982e-10		1.626534595012730e-09		-5.440629493932349e-10
	1.148000000000000e+01		1.629281771412394e-09		-5.816115773121865e-10		-6.379010867486616e-10		1.629281771412394e-09		-5.453721566673623e-10
	1.152000000000000e+01		1.632241053489528e-09		-5.865714611862312e-10		-6.433409979141541e-10		1.632241053489528e-09		-5.468357266083203e-10
	1.156000000000000e+01		1.635420368556113e-09		-5.920439659958654e-10		-6.493431424750233e-10		1.635420368556113e-09		-5.484745994234532e-10
	1.160000000000000e+01		1.638825225620613e-09		-5.980859505462938e-10		-6.559698821431853e-10		1.638825225620613e-09		-5.503130900798742e-10
	1.164000000000000e+01		1.642457606805567e-09		-6.047614334241209e-10		-6.632914313496452e-10		1.642457606805567e-09		-5.523795335553010e-10
	1.168000000000000e+01		1.646314479735051e-09		-6.121426874801874e-10		-6.713870576535306e-10		1.646314479735051e-09		-5.547070764014708e-10
	1.172000000000000e+01		1.650385793549165e-09		-6.203115511095080e-10		-6.803465199302731e-10		1.650385793549165e-09		-5.573346558795353e-10
	1.176000000000000e+01		1.654651809199478e-09		-6.293610005118568e-10		-6.902717927986583e-10		1.654651809199478e-09		-5.603082080313980e-10
	1.180000000000000e+01		1.659079473297817e-09		-6.393970681654200e-10		-7.012791707681217e-10		1.659079473297817e-09		-5.636821868277968e-10
	1.184000000000000e+01		1.663617505108956e-09		-6.505411968337617e-10		-7.135018500711272e-10		1.663617505108956e-09		-5.675214803234893e-10
	1.188000000000000e+01		1.668189687004203e-09		-6.629331637102855e-10		-7.270931358120659e-10		1.668189687004203e-09		-5.719038547067834e-10
	1.192000000000000e+01		1.672685658217677e-09		-6.767347504480441e-10		-7.422304671897501e-10		1.672685658217677e-09		-5.769230979157236e-10
	1.196000000000000e+01		1.676948339611678e-09		-6.921343583890921e-10		-7.591204793977172e-10		1.676948339611678e-09		-5.826930576663830e-10
	1.200000000000000e+01		1.680757104343813e-09		-7.093527230352364e-10		-7.780052711526697e-10		1.680757104343813e-09		-5.893527230352364e-10
	1.204000000000000e+01		1.683806261176743e-09		-7.286496643043062e-10		-7.991698082537898e-10		1.683806261176743e-09		-5.970722807671239e-10
	1.208000000000000e+01		1.685679552594776e-09		-7.503313484815926e-10		-8.229498883600845e-10		1.685679552594776e-09		-6.060596163275030e-10
	1.212000000000000e+01		1.685823482904972e-09		-7.747567508937132e-10		-8.497392291345064e-10		1.685823482904972e-09		-6.165659422669444e-10
	1.216000000000000e+01		1.683525080251512e-09		-8.023410248222750e-10		-8.799931632076884e-10		1.683525080251512e-09		-6.288882523327637e-10
	1.220000000000000e+01		1.677902215535512e-09		-8.335526548111722e-10		-9.142255159767389e-10		1.677902215535512e-09		-6.433654717158386e-10
	1.224000000000000e+01		1.667915395877955e-09		-8.689011215967364e-10		-9.529950767231321e-10		1.667915395877955e-09		-6.603650221468114e-10
	1.228000000000000e+01		1.652408564952074e-09		-9.089125172324047e-10		-9.968788537213048e-10		1.652408564952074e-09		-6.802572310768151e-10
	1.232000000000000e+01		1.630181601004478e-09		-9.540925254039728e-10		-1.046431471716196e-09		1.630181601004478e-09		-7.033769897014880e-10
	1.236000000000000e+01		1.600090415926404e-09		-1.004878868970643e-09		-1.102133017244029e-09		1.600090415926404e-09		-7.299747506385100e-10
	1.240000000000000e+01		1.561163228241035e-09		-1.061588145124238e-09		-1.164330728393941e-09		1.561163228241035e-09		-7.601617733430881e-10
	1.244000000000000e+01		1.512717375881862e-09		-1.124363743746739e-09		-1.233181872601988e-09		1.512717375881862e-09		-7.938562993461586e-10
	1.248000000000000e+01		1.454457292182292e-09		-1.193132698732930e-09		-1.308606421960150e-09		1.454457292182292e-09		-8.307384922846880e-10
	1.252000000000000e+01		1.386539491914382e-09		-1.267577659377449e-09		-1.390256311939231e-09		1.386539491914382e-09		-8.702203135983393e-10
	1.256000000000000e+01		1.309592912993250e-09		-1.347128778245112e-09		-1.477506544151366e-09		1.309592912993250e-09		-9.114351125209905e-10
	1.260000000000000e+01		1.224693321130228e-09		-1.430976396298913e-09		-1.569469099169587e-09		1.224693321130228e-09		-9.532477916347167e-10
	1.264000000000000e+01		1.133295938884476e-09		-1.518103102577704e-09		-1.665028099004008e-09		1.133295938884476e-09		-9.942841038895050e-10
	1.268000000000000e+01		1.037136706335164e-09		-1.607330981295595e-09		-1.762891626868186e-09		1.037136706335164e-09		-1.032974870508429e-09
	1.272000000000000e+01		9.381160446132204e-10		-1.697378388624091e-09		-1.861653998929627e-09		9.381160446132204e-10		-1.067609436324364e-09
	1.276000000000000e+01		8.381786517410769e-10		-1.786920331080981e-09		-1.959861986237584e-09		8.381786517410769e-10		-1.096392406276393e-09
	1.280000000000000e+01		7.392021837185796e-10		-1.874646718673949e-09		-2.056078705720200e-09		7.392021837185796e-10		-1.117497905297717e-09
	1.284000000000000e+01		6.429039531285861e-10		-1.959314103128839e-09		-2.148940365739995e-09		6.429039531285861e-10		-1.129116938026115e-09
	1.288000000000000e+01		5.507711642523466e-10		-2.039787857997549e-09		-2.237202528475351e-09		5.507711642523466e-10		-1.129494767962528e-09
	1.292000000000000e+01		4.640165998547893e-10		-2.115073248439366e-09		-2.319774186696238e-09		4.640165998547893e-10		-1.116956723116161e-09
	1.296000000000000e+01		3.835586771359096e-10		-2.184335148051126e-09		-2.395739388827872e-09		3.835586771359096e-10		-1.089922140824035e-09
	1.300000000000000e+01		3.100227285767535e-10		-2.246907176165810e-09		-2.464367260574998e-09		3.100227285767535e-10		-1.046907176165810e-09
	1.304000000000000e+01		2.437591981805295e-10		-2.302291741572850e-09		-2.525112052873535e-09		2.437591981805295e-10		-9.865179062010284e-10
	1.308000000000000e+01		1.848734537878383e-10		-2.350152780971657e-09		-2.577605177557384e-09		1.848734537878383e-10		-9.074354594307610e-10
	1.312000000000000e+01		1.332628490788032e-10		-2.390303116101640e-09		-2.621641340886699e-09		1.332628490788032e-10		-8.083950298339517e-10
	1.316000000000000e+01		8.865673623294862e-11		-2.422688215106187e-09		-2.657160733304802e-09		8.865673623294862e-11		-6.881604902110745e-10
	1.320000000000000e+01		5.065711566478924e-11		-2.447368010278280e-09		-2.684229087469564e-09		5.065711566478924e-11		-5.454961793249439e-10
	1.324000000000000e+01		1.877697488823646e-11		-2.464498222289394e-09		-2.703017195004533e-09		1.877697488823646e-11		-3.791372277901430e-10
	1.328000000000000e+01		-7.527860021445326e-12		-2.474311820127615e-09		-2.713780572093493e-09		-7.527860021445326e-12		-1.877589585717186e-10
	1.332000000000000e+01		-2.882832658885269e-11		-2.477101813804372e-09		-2.716840586831593e-09		-2.882832658885269e-11		3.005354322047567e-11
	1.336000000000000e+01		-4.569962616803812e-11		-2.473205488728659e-09		-2.712567167771386e-09		-4.569962616803812e-11		2.758356945926684e-10
	1.340000000000000e+01		-5.870306627581289e-11		-2.462990569884381e-09		-2.701363629042107e-09		-5.870306627581289e-11		5.512731479271151e-10
	1.344000000000000e+01		-6.837142990899426e-11		-2.446843295150117e-09		-2.683653589381931e-09		-6.837142990899426e-11		8.582311488556825e-10
	1.348000000000000e+01		-7.520157521305268e-11		-2.425158462515695e-09		-2.659870056104642e-09		-7.520157521305268e-11		1.198783601966725e-09
	1.352000000000000e+01		-7.964867377623217e-11		-2.398331160322620e-09		-2.630446354976506e-09		-7.964867377623217e-11		1.575242297468474e-09
	1.356000000000000e+01		-8.212080414843548e-11		-2.366750361227869e-09		-2.595809104191316e-09		-8.212080414843548e-11		1.990186296013347e-09
	1.360000000000000e+01		-8.298027680392881e-11		-2.330793858227422e-09		-2.556372660292340e-09		-8.298027680392881e-11		2.446492188414545e-09
	1.364000000000000e+01		-8.254444956361746e-11		-2.290824517033341e-09		-2.512535007847113e-09		-8.254444956361746e-11		2.947365469848650e-09
	1.368000000000000e+01		-8.108501169791644e-11		-2.247187610655264e-09		-2.464674836064487e-09		-8.108501169791644e-11		3.496373497216396e-09
	1.372000000000000e+01		-7.883802418044523e-11		-2.200209059248248e-09		-2.413149608291506e-09		-7.883802418044523e-11		4.097480463749023e-09
	1.376000000000000e+01		-7.600538809431065e-11		-2.150194442920990e-09		-2.358294479279261e-09		-7.600538809431065e-11		4.755084805124893e-09
	1.380000000000000e+01		-7.275277139274771e-11		-2.097428557448819e-09		-2.300421807896920e-09		-7.275277139274771e-11		5.474059576313500e-09
	1.384000000000000e+01		-6.921851267310274e-11		-2.042175468787317e-09		-2.239821216921280e-09		-6.921851267310274e-11		6.259796182239921e-09
	1.388000000000000e+01		-6.551285376528310e-11		-1.984678904332362e-09		-2.176760022163729e-09		-6.551285376528310e-11		7.118251996017843e-09
	1.392000000000000e+01		-6.172651627968087e-11		-1.925162924515342e-09		-2.111483969063758e-09		-6.172651627968087e-11		8.056002328716710e-09
	1.396000000000000e+01		-5.793393527883613e-11		-1.863832776930325e-09		-2.044218169480235e-09		-5.793393527883613e-11		9.080297295340592e-09
	1.400000000000000e+01		-5.419491008811646e-11		-1.800875873497144e-09		-1.975168173426252e-09		-5.419491008811646e-11		1.019912412650286e-08
	1.404000000000000e+01		-5.054076796599485e-11		-1.736462837552764e-09		-1.904521117500051e-09		-5.054076796599485e-11		1.142127551616546e-08
	1.408000000000000e+01		-4.700490112764855e-11		-1.670748625816359e-09		-1.832446955436073e-09		-4.700490112764855e-11		1.275642458959260e-08
	1.412000000000000e+01		-4.363394221257304e-11		-1.603873626697936e-09		-1.759099662710055e-09		-4.363394221257304e-11		1.421520723597895e-08
	1.416000000000000e+01		-4.040707112897892e-11		-1.535964735523455e-09		-1.684618415826543e-09		-4.040707112897892e-11		1.580931251342767e-08
	1.420000000000000e+01		-3.736280670707079e-11		-1.467136452445469e-09		-1.609128796487474e-09		-3.736280670707079e-11		1.755158185708789e-08
	1.424000000000000e+01		-3.449142617047003e-11		-1.397491879455234e-09		-1.532743885097083e-09		-3.449142617047003e-11		1.945611806553727e-08
	1.428000000000000e+01		-3.179002942435740e-11		-1.327123702508357e-09		-1.455565337939586e-09		-3.179002942435740e-11		2.153840491305061e-08
	1.432000000000000e+01		-2.922998614158705e-11		-1.256115105272222e-09		-1.377684389360883e-09		-2.922998614158705e-11		2.381543846497625e-08
	1.436000000000000e+01		-2.691004119988473e-11		-1.184540644367539e-09		-1.299182811717700e-09		-2.691004119988473e-11		2.630587118884574e-08
	1.440000000000000e+01		-2.474767286805400e-11		-1.112467011800339e-09		-1.220133751599245e-09		-2.474767286805400e-11		2.903017016631462e-08
	1.444000000000000e+01		-2.271307723909655e-11		-1.039953805595278e-09		-1.140602575043917e-09		-2.271307723909655e-11		3.201079063446272e-08
	1.448000000000000e+01		-2.075973508906237e-11		-9.670542045172104e-10		-1.060647607561758e-09		-2.075973508906237e-11		3.527236644030698e-08
	1.452000000000000e+01		-1.910600023217470e-11		-8.938156111121692e-10		-9.803208394101977e-10		-1.910600023217470e-11		3.884191896679876e-08
	1.456000000000000e+01		-1.742532390928514e-11		-8.202801772758488e-10		-8.996685020280887e-10		-1.742532390928514e-11		4.274908639513631e-08
	1.460000000000000e+01		-1.595670288474020e-11		-7.464853944751517e-10		-8.187317153800493e-10		-1.595670288474020e-11		4.702637507194452e-08
	1.464000000000000e+01		-1.462713137681522e-11		-6.724645231798433e-10		-7.375469589493580e-10		-1.462713137681522e-11		5.170943534564007e-08
	1.468000000000000e+01		-1.332664851882803e-11		-5.982470445457791e-10		-6.561465671359690e-10		-1.332664851882803e-11		5.683736403417082e-08
	1.472000000000000e+01		-1.232054774615977e-11		-5.238590639339879e-10		-5.745591718289642e-10		-1.232054774615977e-11		6.245303616603872e-08
	1.476000000000000e+01		-1.107760952088962e-11		-4.493236387665273e-10		-4.928100619929409e-10		-1.107760952088962e-11		6.860346884169230e-08
	1.480000000000000e+01		-1.016534615387451e-11		-3.746611432185210e-10		-4.109215836556608e-10		-1.016534615387451e-11		7.534022019440467e-08
	1.484000000000000e+01		-9.227776951793111e-12		-2.998895169864898e-10		-3.289134127526673e-10		-9.227776951793111e-12		8.271982699328589e-08
	1.488000000000000e+01		-8.544123186113945e-12		-2.250245557803008e-10		-2.468028737336158e-10		-8.544123186113945e-12		9.080428444772175e-08
	1.492000000000000e+01		-7.742583517570066e-12		-1.500801290790607e-10		-1.646051783930098e-10		-7.742583517570066e-12		9.966157240324146e-08
	1.496000000000000e+01		-6.961722939367834e-12		-7.506840607599141e-11		-8.233367368246400e-11		-6.961722939367834e-12		1.093662323166332e-07
	1.500000000000000e+01		0.000000000000000e+00		1.000000000000000e-46		1.096781961763222e-46		0.000000000000000e+00		1.200000000000000e-07
