# eta_L = 0.000000000000000e+00
# eta_B = 1.230000000000000e-23
#	T		Y_L		Y_B		BAU		Ups_L		Ups_B
	1.100000000000000e+01		1.616070374086024e-09		-5.461745816181190e-10		-5.990344290923273e-10		1.616070374086024e-09		-5.387945816181190e-10
	1.104000000000000e+01		1.615926079454062e-09		-5.468597992107067e-10		-5.997859633877604e-10		1.615926079454062e-09		-5.387677901231700e-10
	1.108000000000000e+01		1.615764296622288e-09		-5.476122481973199e-10		-6.006112358634247e-10		1.615764296622288e-09		-5.387395366698434e-10
	1.112000000000000e+01		1.615582594154524e-09		-5.484386477694779e-10		-6.015176160073765e-10		1.615582594154524e-09		-5.387099130389316e-10
	1.116000000000000e+01		1.615378148177777e-09		-5.493464143032974e-10		-6.025132379671620e-10		1.615378148177777e-09		-5.386790687951925e-10
	1.120000000000000e+01		1.615147669714433e-09		-5.503437392789343e-10		-6.036070860104565e-10		1.615147669714433e-09		-5.386472275185713e-10
	1.124000000000000e+01		1.614887318004513e-09		-5.514396767929656e-10		-6.048090905070656e-10		1.614887318004513e-09		-5.386147066767952e-10
	1.128000000000000e+01		1.614592594649038e-09		-5.526442427869198e-10		-6.061302367609880e-10		1.614592594649038e-09		-5.385819426883510e-10
	1.132000000000000e+01		1.614258216884016e-09		-5.539685269717269e-10		-6.075826877671328e-10		1.614258216884016e-09		-5.385495215260241e-10
	1.136000000000000e+01		1.613877961798860e-09		-5.554248206024102e-10		-6.091799243522968e-10		1.613877961798860e-09		-5.385182173249840e-10
	1.140000000000000e+01		1.613444478311629e-09		-5.570267615925691e-10		-6.109369043341123e-10		1.613444478311629e-09		-5.384890397280284e-10
	1.144000000000000e+01		1.612949056299500e-09		-5.587895009162766e-10		-6.128702450276454e-10		1.612949056299500e-09		-5.384632930856409e-10
	1.148000000000000e+01		1.612381343082204e-09		-5.607298939466972e-10		-6.149984331021418e-10		1.612381343082204e-09		-5.384426502501303e-10
	1.152000000000000e+01		1.611728995060447e-09		-5.628667211193670e-10		-6.173420666005315e-10		1.611728995060447e-09		-5.384292443539518e-10
	1.156000000000000e+01		1.610977245128495e-09		-5.652209446013927e-10		-6.199241364495767e-10		1.610977245128495e-09		-5.384257841593592e-10
	1.160000000000000e+01		1.610108367824794e-09		-5.678160070446169e-10		-6.227703541269542e-10		1.610108367824794e-09		-5.384356978577688e-10
	1.164000000000000e+01		1.609101007339107e-09		-5.706781838750255e-10		-6.259095380459229e-10		1.609101007339107e-09		-5.384633154557012e-10
	1.168000000000000e+01		1.607929334877310e-09		-5.738369997610475e-10		-6.293740703302430e-10		1.607929334877310e-09		-5.385140989476368e-10
	1.172000000000000e+01		1.606561980427297e-09		-5.773257265359531e-10		-6.332004429264799e-10		1.606561980427297e-09		-5.385949359695199e-10
	1.176000000000000e+01		1.604960668012531e-09		-5.811819844157066e-10		-6.374299170089007e-10		1.604960668012531e-09		-5.387145170402244e-10
	1.180000000000000e+01		1.603078450918972e-09		-5.854484781138434e-10		-6.421093303369937e-10		1.603078450918972e-09		-5.388838260912052e-10
	1.184000000000000e+01		1.600857398695334e-09		-5.901739127267888e-10		-6.472921017819637e-10		1.600857398695334e-09		-5.391167870729713e-10
	1.188000000000000e+01		1.598225510328647e-09		-5.954141576365126e-10		-6.530395078741704e-10		1.598225510328647e-09		-5.394311325993589e-10
	1.192000000000000e+01		1.595092506717956e-09		-6.012337634151924e-10		-6.594223465167994e-10		1.595092506717956e-09		-5.398495971078153e-10
	1.196000000000000e+01		1.591343988575957e-09		-6.077079867202348e-10		-6.665231578541970e-10		1.591343988575957e-09		-5.404015867757687e-10
	1.200000000000000e+01		1.586833278912403e-09		-6.149255251607174e-10		-6.744392238240509e-10		1.586833278912403e-09		-5.411255251607174e-10
	1.204000000000000e+01		1.581370241901479e-09		-6.229921605403817e-10		-6.832865640005878e-10		1.581370241901479e-09		-5.420720696650147e-10
	1.208000000000000e+01		1.574706650538764e-09		-6.320353977923174e-10		-6.932050234944560e-10		1.574706650538764e-09		-5.433082825175523e-10
	1.212000000000000e+01		1.566518582178354e-09		-6.422098634103340e-10		-7.043641938548767e-10		1.566518582178354e-09		-5.449225161048711e-10
	1.216000000000000e+01		1.556387942368887e-09		-6.537026658350018e-10		-7.169692922443610e-10		1.556387942368887e-09		-5.470292107539523e-10
	1.220000000000000e+01		1.543787121945476e-09		-6.667372709020720e-10		-7.312654119606310e-10		1.543787121945476e-09		-5.497721532984418e-10
	1.224000000000000e+01		1.528072657299761e-09		-6.815738283228102e-10		-7.475378805143610e-10		1.528072657299761e-09		-5.533241271611063e-10
	1.228000000000000e+01		1.508494194170872e-09		-6.985037702042847e-10		-7.661063353836619e-10		1.508494194170872e-09		-5.578807692185970e-10
	1.232000000000000e+01		1.484223931034113e-09		-7.178369418546219e-10		-7.873106093134238e-10		1.484223931034113e-09		-5.636468873975937e-10
	1.236000000000000e+01		1.454408207227397e-09		-7.398807836551854e-10		-8.114878973682440e-10		1.454408207227397e-09		-5.708147508809238e-10
	1.240000000000000e+01		1.418238407272560e-09		-7.649126898048982e-10		-8.389424405017988e-10		1.418238407272560e-09		-5.795354711594911e-10
	1.244000000000000e+01		1.375033297106778e-09		-7.931484474544521e-10		-8.699109101685474e-10		1.375033297106778e-09		-5.898863691480954e-10
	1.248000000000000e+01		1.324322214120521e-09		-8.247106571125209e-10		-9.045277723949062e-10		1.324322214120521e-09		-6.018382201468521e-10
	1.252000000000000e+01		1.265916121077291e-09		-8.596018293093102e-10		-9.427957806851192e-10		1.265916121077291e-09		-6.152270616551580e-10
	1.256000000000000e+01		1.199956185269071e-09		-8.976859776548617e-10		-9.845657876196347e-10		1.199956185269071e-09		-6.297343732345269e-10
	1.260000000000000e+01		1.126932749766036e-09		-9.386813694923962e-10		-1.029528793902458e-09		1.126932749766036e-09		-6.448782776239152e-10
	1.264000000000000e+01		1.047672136306776e-09		-9.821654548708944e-10		-1.077221354369366e-09		1.047672136306776e-09		-6.600167706776519e-10
	1.268000000000000e+01		9.632938175317588e-10		-1.027591161070113e-09		-1.127043449529025e-09		9.632938175317588e-10		-6.743621529360057e-10
	1.272000000000000e+01		8.751441447265313e-10		-1.074312386404994e-09		-1.178286446707798e-09		8.751441447265313e-10		-6.870044807406621e-10
	1.276000000000000e+01		7.847153279638570e-10		-1.121615577205835e-09		-1.230167733112004e-09		7.847153279638570e-10		-6.969409034510131e-10
	1.280000000000000e+01		6.935590116197541e-10		-1.168753971677571e-09		-1.281868273875083e-09		6.935590116197541e-10		-7.031074514511885e-10
	1.284000000000000e+01		6.032030673640740e-10		-1.214981288832372e-09		-1.332569561471176e-09		6.032030673640740e-10		-7.044100322941964e-10
	1.288000000000000e+01		5.150784923830999e-10		-1.259582211091231e-09		-1.381487048482697e-09		5.150784923830999e-10		-6.997519607196934e-10
	1.292000000000000e+01		4.304610079506243e-10		-1.301897799322494e-09		-1.427898022356146e-09		4.304610079506243e-10		-6.880561362487224e-10
	1.296000000000000e+01		3.504296976608988e-10		-1.341344784638902e-09		-1.471162764297121e-09		3.504296976608988e-10		-6.682807851942410e-10
	1.300000000000000e+01		2.758429290969247e-10		-1.377428432993063e-09		-1.510738658926572e-09		2.758429290969247e-10		-6.394284329930631e-10
	1.304000000000000e+01		2.073300460864885e-10		-1.409749320152451e-09		-1.546187624951173e-09		2.073300460864885e-10		-6.005484113987805e-10
	1.308000000000000e+01		1.452967371491085e-10		-1.438004641667195e-09		-1.577177551912365e-09		1.452967371491085e-10		-5.507334889195445e-10
	1.312000000000000e+01		8.994092647649196e-11		-1.461985100751615e-09		-1.603478886870958e-09		8.994092647649196e-11		-4.891116276969869e-10
	1.316000000000000e+01		4.127595100837603e-11		-1.481568483647705e-09		-1.624957587981691e-09		4.127595100837603e-11		-4.148339328372103e-10
	1.320000000000000e+01		-8.418128137528524e-13		-1.496710920073758e-09		-1.641565539110933e-09		-8.418128137528524e-13		-3.270597440374562e-10
	1.324000000000000e+01		-3.668330747973310e-11		-1.507436729425900e-09		-1.653329413333674e-09		-3.668330747973310e-11		-2.249397178088614e-10
	1.328000000000000e+01		-6.661725108217345e-11		-1.513827678655444e-09		-1.660338891167182e-09		-6.661725108217345e-11		-1.075976687985674e-10
	1.332000000000000e+01		-9.108228043953566e-11		-1.516012307015171e-09		-1.662734952145287e-09		-9.108228043953566e-11		2.588823755511015e-11
	1.336000000000000e+01		-1.105618932575450e-10		-1.514155793105970e-09		-1.660698761177912e-09		-1.105618932575450e-10		1.765045346366468e-10
	1.340000000000000e+01		-1.255622335858742e-10		-1.508450508949394e-09		-1.654441308428246e-09		-1.255622335858742e-10		3.453216775046765e-10
	1.344000000000000e+01		-1.365948705648713e-10		-1.499107953476221e-09		-1.644194562108498e-09		-1.365948705648713e-10		5.335128295873458e-10
	1.348000000000000e+01		-1.441604184527371e-10		-1.486351118094291e-09		-1.630203095172414e-09		-1.441604184527371e-10		7.423732515623971e-10
	1.352000000000000e+01		-1.487401876272438e-10		-1.470409415619287e-09		-1.612718523458034e-09		-1.487401876272438e-10		9.733382609222354e-10
	1.356000000000000e+01		-1.507845204646099e-10		-1.451512097722152e-09		-1.591992286062751e-09		-1.507845204646099e-10		1.228003946481195e-09
	1.360000000000000e+01		-1.507074610467406e-10		-1.429885179372834e-09		-1.568272272128692e-09		-1.507074610467406e-10		1.508145739311976e-09
	1.364000000000000e+01		-1.488909387841122e-10		-1.405749767918906e-09		-1.541800988206291e-09		-1.488909387841122e-10		1.815737074013519e-09
	1.368000000000000e+01		-1.456719294680716e-10		-1.379316361425997e-09		-1.512809304776914e-09		-1.456719294680716e-10		2.152973719915074e-09
	1.372000000000000e+01		-1.413489820729871e-10		-1.350785788013028e-09		-1.481517486498808e-09		-1.413489820729871e-10		2.522293268630294e-09
	1.376000000000000e+01		-1.361858295911806e-10		-1.320348573646806e-09		-1.448134498815615e-09		-1.361858295911806e-10		2.926398163901412e-09
	1.380000000000000e+01		-1.304076042050084e-10		-1.288181204236239e-09		-1.412853908288731e-09		-1.304076042050084e-10		3.368283998027587e-09
	1.384000000000000e+01		-1.242061454694584e-10		-1.254449800059457e-09		-1.375857912642692e-09		-1.242061454694584e-10		3.851262765322294e-09
	1.388000000000000e+01		-1.177471517981795e-10		-1.219306781046994e-09		-1.337313683307921e-09		-1.177471517981795e-10		4.378995722668382e-09
	1.392000000000000e+01		-1.111574414078484e-10		-1.182893126874588e-09		-1.297375844249743e-09		-1.111574414078484e-10		4.955523503863124e-09
	1.396000000000000e+01		-1.045511529305418e-10		-1.145338253224250e-09		-1.256186336253754e-09		-1.045511529305418e-10		5.585301741222364e-09
	1.400000000000000e+01		-9.801965199106218e-11		-1.106760241904834e-09		-1.213874669317921e-09		-9.801965199106218e-11		6.273239758095166e-09
	1.404000000000000e+01		-9.162864872035944e-11		-1.067266771767575e-09		-1.170558943663941e-09		-9.162864872035944e-11		7.024742315769131e-09
	1.408000000000000e+01		-8.542784682639777e-11		-1.026955648198771e-09		-1.126346430475269e-09		-8.542784682639777e-11		7.845755879277736e-09
	1.412000000000000e+01		-7.946071645119429e-11		-9.859154767367939e-10		-1.081334310708103e-09		-7.946071645119429e-11		8.742819253809491e-09
	1.416000000000000e+01		-7.375727254519660e-11		-9.442263408163230e-10		-1.035610418429035e-09		-7.375727254519660e-11		9.723119167288622e-09
	1.420000000000000e+01		-6.833622800223178e-11		-9.019604690559770e-10		-9.892539726840900e-10		-6.833622800223178e-11		1.079455129130704e-08
	1.424000000000000e+01		-6.320794361280019e-11		-8.591828698520267e-10		-9.423362735096605e-10		-6.320794361280019e-11		1.196578724631836e-08
	1.428000000000000e+01		-5.837607565858294e-11		-8.159519451039617e-10		-8.949213750556396e-10		-5.837607565858294e-11		1.324634815346480e-08
	1.432000000000000e+01		-5.384088288178512e-11		-7.723200736984875e-10		-8.470667255401430e-10		-5.384088288178512e-11		1.464668537200432e-08
	1.436000000000000e+01		-4.959403304434226e-11		-7.283341554341147e-10		-7.988237638161874e-10		-4.959403304434226e-11		1.617826912199205e-08
	1.440000000000000e+01		-4.563852560677461e-11		-6.840361264975032e-10		-7.502384847368468e-10		-4.563852560677461e-11		1.785368573804320e-08
	1.444000000000000e+01		-4.194625697396473e-11		-6.394634192817284e-10		-7.013519434756316e-10		-4.194625697396473e-11		1.968674441135394e-08
	1.448000000000000e+01		-3.855234296990601e-11		-5.946494144461739e-10		-6.522007513376256e-10		-3.855234296990601e-11		2.169259428212071e-08
	1.452000000000000e+01		-3.538636453344238e-11		-5.496238187704299e-10		-6.028174901828255e-10		-3.538636453344238e-11		2.388785294664479e-08
	1.456000000000000e+01		-3.237075512403455e-11		-5.044130544126072e-10		-5.532311393576380e-10		-3.237075512403455e-11		2.629074738762087e-08
	1.460000000000000e+01		-2.974823362646917e-11		-4.590406071164437e-10		-5.034674576021534e-10		-2.974823362646917e-11		2.892126857973165e-08
	1.464000000000000e+01		-2.724894563276610e-11		-4.135272562799816e-10		-4.535492353853207e-10		-2.724894563276610e-11		3.180134116304427e-08
	1.468000000000000e+01		-2.489668957861756e-11		-3.678914383209263e-10		-4.034966934375188e-10		-2.489668957861756e-11		3.495500937508978e-08
	1.472000000000000e+01		-2.279658049045206e-11		-3.221494615488565e-10		-3.533277184185204e-10		-2.279658049045206e-11		3.840864110488436e-08
	1.476000000000000e+01		-2.089853019936208e-11		-2.763157234208724e-10		-3.030581011995682e-10		-2.089853019936208e-11		4.219115165206131e-08
	1.480000000000000e+01		-1.913500001026888e-11		-2.304029171932397e-10		-2.527017635151706e-10		-1.913500001026888e-11		4.633424910544502e-08
	1.484000000000000e+01		-1.751298952309886e-11		-1.844222319043233e-10		-2.022709773007755e-10		-1.751298952309886e-11		5.087270342191319e-08
	1.488000000000000e+01		-1.595924671596227e-11		-1.383835019824131e-10		-1.517765287799357e-10		-1.595924671596227e-11		5.584464153517135e-08
	1.492000000000000e+01		-1.445493002001962e-11		-9.229536659205166e-11		-1.012278932324861e-10		-1.445493002001962e-11		6.129187094078507e-08
	1.496000000000000e+01		-1.329318889252703e-11		-4.616540379739129e-11		-5.063338214249410e-11		-1.329318889252703e-11		6.726023454066875e-08
	1.500000000000000e+01		0.000000000000000e+00		3.000000000000000e-47		3.290345885289665e-47		0.000000000000000e+00		7.380000000000000e-08
