# eta_L = 3.600000000000000e-22
# eta_B = 0.000000000000000e+00
#	T		Y_L		Y_B		BAU		Ups_L		Ups_B
	1.100000000000000e+01		-1.849103517341565e-09		5.443565587449558e-10		5.970404543989690e-10		-1.633103517341565e-09		5.443565587449558e-10
	1.104000000000000e+01		-1.869727276793663e-09		5.442823285376735e-10		5.969590400466038e-10		-1.632887986426735e-09		5.442823285376735e-10
	1.108000000000000e+01		-1.892339658800692e-09		5.442002761557065e-10		5.968690464741428e-10		-1.632650540923331e-09		5.442002761557065e-10
	1.112000000000000e+01		-1.917132298522238e-09		5.441095061262526e-10		5.967694915431690e-10		-1.632388842994054e-09		5.441095061262526e-10
	1.116000000000000e+01		-1.944315275821061e-09		5.440090057273079e-10		5.966592645184564e-10		-1.632100285339941e-09		5.440090057273079e-10
	1.120000000000000e+01		-1.974118886483794e-09		5.438976266317090e-10		5.965371059354860e-10		-1.631781956912193e-09		5.438976266317090e-10
	1.124000000000000e+01		-2.006795582885166e-09		5.437740630904596e-10		5.964015836723121e-10		-1.631430603875301e-09		5.437740630904596e-10
	1.128000000000000e+01		-2.042622100306002e-09		5.436368258730082e-10		5.962510643677288e-10		-1.631042585225941e-09		5.436368258730082e-10
	1.132000000000000e+01		-2.081901786663650e-09		5.434842109965904e-10		5.960836791241771e-10		-1.630613822399177e-09		5.434842109965904e-10
	1.136000000000000e+01		-2.124967155261886e-09		5.433142619965406e-10		5.958972821265027e-10		-1.630139742264047e-09		5.433142619965406e-10
	1.140000000000000e+01		-2.172182681887558e-09		5.431247242515956e-10		5.956894005467738e-10		-1.629615212681489e-09		5.431247242515956e-10
	1.144000000000000e+01		-2.223947870448310e-09		5.429129892533047e-10		5.954571734199744e-10		-1.629034470527266e-09		5.429129892533047e-10
	1.148000000000000e+01		-2.280700613212526e-09		5.426760264022517e-10		5.951972768393315e-10		-1.628391041605691e-09		5.426760264022517e-10
	1.152000000000000e+01		-2.342920875591284e-09		5.424102989197114e-10		5.949058317297365e-10		-1.627677653188887e-09		5.424102989197114e-10
	1.156000000000000e+01		-2.411134738588870e-09		5.421116596732756e-10		5.945782895911711e-10		-1.626886140285451e-09		5.421116596732756e-10
	1.160000000000000e+01		-2.485918836987956e-09		5.417752213193516e-10		5.942092900733420e-10		-1.626007348592402e-09		5.417752213193516e-10
	1.164000000000000e+01		-2.567905237994125e-09		5.413951931927590e-10		5.937924820791325e-10		-1.625031040355367e-09		5.413951931927590e-10
	1.168000000000000e+01		-2.657786811246830e-09		5.409646755817098e-10		5.933202981291124e-10		-1.623945811829931e-09		5.409646755817098e-10
	1.172000000000000e+01		-2.756323154482764e-09		5.404753979832649e-10		5.927836672848433e-10		-1.622739040343255e-09		5.404753979832649e-10
	1.176000000000000e+01		-2.864347151948179e-09		5.399173843678971e-10		5.921716480170895e-10		-1.621396887299920e-09		5.399173843678971e-10
	1.180000000000000e+01		-2.982772267535796e-09		5.392785215986891e-10		5.914709548557801e-10		-1.619904403458579e-09		5.392785215986891e-10
	1.184000000000000e+01		-3.112600700209807e-09		5.385440012481851e-10		5.906653461847993e-10		-1.618245803024904e-09		5.385440012481851e-10
	1.188000000000000e+01		-3.254932577521290e-09		5.376955940919612e-10		5.897348285196221e-10		-1.616405015458253e-09		5.376955940919612e-10
	1.192000000000000e+01		-3.410976407558436e-09		5.367107107452715e-10		5.886546262305318e-10		-1.614366661976667e-09		5.367107107452715e-10
	1.196000000000000e+01		-3.582061058057648e-09		5.355612012061180e-10		5.873938649031135e-10		-1.612117645048883e-09		5.355612012061180e-10
	1.200000000000000e+01		-3.769649542628683e-09		5.342118664389380e-10		5.859139388700906e-10		-1.609649542628683e-09		5.342118664389380e-10
	1.204000000000000e+01		-3.975354840699602e-09		5.326187076387037e-10		5.841665910357692e-10		-1.606961937030322e-09		5.326187076387037e-10
	1.208000000000000e+01		-4.200957777012436e-09		5.307270481897747e-10		5.820918530743850e-10		-1.604066598238824e-09		5.307270481897747e-10
	1.212000000000000e+01		-4.448426708494633e-09		5.284698020490491e-10		5.796161462239774e-10		-1.600992153212793e-09		5.284698020490491e-10
	1.216000000000000e+01		-4.719938377600579e-09		5.257663261474473e-10		5.766510226210391e-10		-1.597788472789376e-09		5.257663261474473e-10
	1.220000000000000e+01		-5.017899000069312e-09		5.225224000519653e-10		5.730931429942214e-10		-1.594529704353307e-09		5.225224000519653e-10
	1.224000000000000e+01		-5.344964582591806e-09		5.186318674208343e-10		5.688260769827457e-10		-1.591314792493155e-09		5.186318674208343e-10
	1.228000000000000e+01		-5.704059718036628e-09		5.139803073063903e-10		5.637243297551662e-10		-1.588264567236014e-09		5.139803073063903e-10
	1.232000000000000e+01		-6.098394782202314e-09		5.084507649826301e-10		5.576596274776598e-10		-1.585515139557589e-09		5.084507649826301e-10
	1.236000000000000e+01		-6.531482133684856e-09		5.019311947106751e-10		5.505090804049318e-10		-1.583208003706467e-09		5.019311947106751e-10
	1.240000000000000e+01		-7.007152831963288e-09		4.943228514870102e-10		5.421643867983127e-10		-1.581478139902595e-09		4.943228514870102e-10
	1.244000000000000e+01		-7.529575826819240e-09		4.855486371164801e-10		5.325409867480717e-10		-1.580441827608801e-09		4.855486371164801e-10
	1.248000000000000e+01		-8.103281650286668e-09		4.755603514000642e-10		5.215860151453695e-10		-1.580185934218313e-09		4.755603514000642e-10
	1.252000000000000e+01		-8.733192616599084e-09		4.643439307112477e-10		5.092840472583277e-10		-1.580760392575116e-09		4.643439307112477e-10
	1.256000000000000e+01		-9.424660357398723e-09		4.519221135546495e-10		4.956600222686498e-10		-1.582174374364534e-09		4.519221135546495e-10
	1.260000000000000e+01		-1.018351188101971e-08		4.383542790972432e-10		4.807790661755771e-10		-1.584396997064174e-09		4.383542790972432e-10
	1.264000000000000e+01		-1.101610338339753e-08		4.237337285284089e-10		4.647435100406327e-10		-1.587361407009942e-09		4.237337285284089e-10
	1.268000000000000e+01		-1.192938172817867e-08		4.081827212335009e-10		4.476874457523294e-10		-1.590971734009685e-09		4.081827212335009e-10
	1.272000000000000e+01		-1.293095310049912e-08		3.918461101683783e-10		4.297697454197614e-10		-1.595111959104035e-09		3.918461101683783e-10
	1.276000000000000e+01		-1.402915752981819e-08		3.748841611662072e-10		4.111661857178325e-10		-1.599654883335603e-09		3.748841611662072e-10
	1.280000000000000e+01		-1.523314954824944e-08		3.574652664559434e-10		3.920614562057624e-10		-1.604470907477264e-09		3.574652664559434e-10
	1.284000000000000e+01		-1.655298394719850e-08		3.397591417642671e-10		3.726416980312014e-10		-1.609434975349472e-09		3.397591417642671e-10
	1.288000000000000e+01		-1.799970828191667e-08		3.219308347723822e-10		3.530879325137249e-10		-1.614432661286304e-09		3.219308347723822e-10
	1.292000000000000e+01		-1.958546176914197e-08		3.041358454877592e-10		3.335707092565806e-10		-1.619364313324273e-09		3.041358454877592e-10
	1.296000000000000e+01		-2.132358048158431e-08		2.865164652548151e-10		3.142460908396401e-10		-1.624146351496657e-09		2.865164652548151e-10
	1.300000000000000e+01		-2.322871344833843e-08		2.691992456859886e-10		2.952528767886581e-10		-1.628713448338427e-09		2.691992456859886e-10
	1.304000000000000e+01		-2.531694551007682e-08		2.522935927498891e-10		2.767110615965147e-10		-1.633016473384024e-09		2.522935927498891e-10
	1.308000000000000e+01		-2.760593430576268e-08		2.358912481816477e-10		2.587212659434425e-10		-1.637022518026563e-09		2.358912481816477e-10
	1.312000000000000e+01		-3.011505815292538e-08		2.200665381065685e-10		2.413650093829630e-10		-1.640712600106985e-09		2.200665381065685e-10
	1.316000000000000e+01		-3.286557796815799e-08		2.048771957960412e-10		2.247056127257298e-10		-1.644078920045952e-09		2.048771957960412e-10
	1.320000000000000e+01		-3.588081654204837e-08		1.903655760639408e-10		2.087895299675948e-10		-1.647123584888315e-09		1.903655760639408e-10
	1.324000000000000e+01		-3.918635407049963e-08		1.765601365069318e-10		1.936479728872549e-10		-1.649856169513119e-09		1.765601365069318e-10
	1.328000000000000e+01		-4.281024311739458e-08		1.634770549012806e-10		1.792986849779004e-10		-1.652291609388437e-09		1.634770549012806e-10
	1.332000000000000e+01		-4.678324492340560e-08		1.511218852699053e-10		1.657477577916832e-10		-1.654448496958350e-09		1.511218852699053e-10
	1.336000000000000e+01		-5.113908908124626e-08		1.394911807855961e-10		1.529914109106943e-10		-1.656347781462359e-09		1.394911807855961e-10
	1.340000000000000e+01		-5.591475854870312e-08		1.285740329386093e-10		1.410176800782169e-10		-1.658011628096185e-09		1.285740329386093e-10
	1.344000000000000e+01		-6.115080248312065e-08		1.183534925394173e-10		1.298079757289109e-10		-1.659462491016250e-09		1.183534925394173e-10
	1.348000000000000e+01		-6.689167938222049e-08		1.088078530153796e-10		1.193384904854523e-10		-1.660722221536940e-09		1.088078530153796e-10
	1.352000000000000e+01		-7.318613380016162e-08		9.991178649176438e-11		1.095814451917055e-10		-1.661811559921947e-09		9.991178649176438e-11
	1.356000000000000e+01		-8.008761012825972e-08		9.163733251565695e-11		1.005061733272709e-10		-1.662750297917834e-09		9.163733251565695e-11
	1.360000000000000e+01		-8.765470605319962e-08		8.395474693433159e-11		9.208005204197101e-11		-1.663557213644215e-09		8.395474693433159e-11
	1.364000000000000e+01		-9.595166769366355e-08		7.683321774352821e-11		8.426928728532763e-11		-1.664247929787702e-09		7.683321774352821e-11
	1.368000000000000e+01		-1.050489385487000e-07		7.024145646885886e-11		7.703956242302095e-11		-1.664838607010092e-09		7.024145646885886e-11
	1.372000000000000e+01		-1.150237529507721e-07		6.414818708905506e-11		7.035657447908797e-11		-1.665341536821227e-09		6.414818708905506e-11
	1.376000000000000e+01		-1.259607960911227e-07		5.852253252270902e-11		6.418645802760874e-11		-1.665769626296778e-09		5.852253252270902e-11
	1.380000000000000e+01		-1.379529198799188e-07		5.333432255221957e-11		5.849612291813581e-11		-1.666133472197054e-09		5.333432255221957e-11
	1.384000000000000e+01		-1.511019301145902e-07		4.855432887173013e-11		5.325351207203280e-11		-1.666440396099961e-09		4.855432887173013e-11
	1.388000000000000e+01		-1.655194571585368e-07		4.415443619849026e-11		4.842778915432915e-11		-1.666700952233091e-09		4.415443619849026e-11
	1.392000000000000e+01		-1.813278957021333e-07		4.010776829403958e-11		4.398947679148147e-11		-1.666921143956377e-09		4.010776829403958e-11
	1.396000000000000e+01		-1.986614478390240e-07		3.638876686457160e-11		3.991054310786936e-11		-1.667106538147491e-09		3.638876686457160e-11
	1.400000000000000e+01		-2.176672620467007e-07		3.297323806484587e-11		3.616445273044738e-11		-1.667262046700697e-09		3.297323806484587e-11
	1.404000000000000e+01		-2.385066848684703e-07		2.983836991416560e-11		3.272618589027524e-11		-1.667394501542301e-09		2.983836991416560e-11
	1.408000000000000e+01		-2.613566229994609e-07		2.696272955276958e-11		2.957223541337781e-11		-1.667505122099745e-09		2.696272955276958e-11
	1.412000000000000e+01		-2.864110533001804e-07		2.432624020799755e-11		2.668058145765092e-11		-1.667597771996475e-09		2.432624020799755e-11
	1.416000000000000e+01		-3.138826652074818e-07		2.191014682203354e-11		2.403065381399016e-11		-1.667674726361452e-09		2.191014682203354e-11
	1.420000000000000e+01		-3.440046700225126e-07		1.969697075353072e-11		2.160328222385022e-11		-1.667740450912127e-09		1.969697075353072e-11
	1.424000000000000e+01		-3.770327734847304e-07		1.767045816143298e-11		1.938063976755139e-11		-1.667794474865285e-09		1.767045816143298e-11
	1.428000000000000e+01		-4.132473554068596e-07		1.581552226392728e-11		1.734617953494007e-11		-1.667840326798244e-09		1.581552226392728e-11
	1.432000000000000e+01		-4.529558431625169e-07		1.411818376418810e-11		1.548456928541989e-11		-1.667878898044382e-09		1.411818376418810e-11
	1.436000000000000e+01		-4.964953242657954e-07		1.256550906975351e-11		1.378162368807781e-11		-1.667911267956413e-09		1.256550906975351e-11
	1.440000000000000e+01		-5.442354076637769e-07		1.114554841017731e-11		1.222423645024123e-11		-1.667938457707609e-09		1.114554841017731e-11
	1.444000000000000e+01		-5.965813599350630e-07		9.847274569449794e-12		1.080031312030223e-11		-1.667960014019033e-09		9.847274569449794e-12
	1.448000000000000e+01		-6.539775512708821e-07		8.660522752722714e-12		9.498705134626234e-12		-1.667979664046582e-09		8.660522752722714e-12
	1.452000000000000e+01		-7.169112173445763e-07		7.575932672606868e-12		8.309146298847847e-12		-1.667994942179546e-09		7.575932672606868e-12
	1.456000000000000e+01		-7.859166063254729e-07		6.584892378485931e-12		7.222191180875485e-12		-1.668008022053988e-09		6.584892378485931e-12
	1.460000000000000e+01		-8.615795076102437e-07		5.679484963188223e-12		6.229156659730298e-12		-1.668019214689681e-09		5.679484963188223e-12
	1.464000000000000e+01		-9.445422254081277e-07		4.852437763819865e-12		5.322066209936291e-12		-1.668027769369164e-09		4.852437763819865e-12
	1.468000000000000e+01		-1.035509035038650e-06		4.097074321091655e-12		4.493597211376625e-12		-1.668035621751499e-09		4.097074321091655e-12
	1.472000000000000e+01		-1.135252155602673e-06		3.407269225791042e-12		3.737031425718552e-12		-1.668041463164499e-09		3.407269225791042e-12
	1.476000000000000e+01		-1.244618311694474e-06		2.777405636113463e-12		3.046208402188753e-12		-1.668047046215252e-09		2.777405636113463e-12
	1.480000000000000e+01		-1.364535915950591e-06		2.202335621290582e-12		2.415481983180107e-12		-1.668051873373616e-09		2.202335621290582e-12
	1.484000000000000e+01		-1.496022951937055e-06		1.677343105224754e-12		1.839679661498420e-12		-1.668054752152549e-09		1.677343105224754e-12
	1.488000000000000e+01		-1.640195619471966e-06		1.198109374408963e-12		1.314064750071169e-12		-1.668057408929536e-09		1.198109374408963e-12
	1.492000000000000e+01		-1.798277805915866e-06		7.606810670035009e-13		8.343012729442403e-13		-1.668060334096542e-09		7.606810670035009e-13
	1.496000000000000e+01		-1.971611475221378e-06		3.614404702458541e-13		3.964213880168692e-13		-1.668062212612840e-09		3.614404702458541e-13
	1.500000000000000e+01		-2.160000000000000e-06		0.000000000000000e+00		0.000000000000000e+00		0.000000000000000e+00		0.000000000000000e+00
