# eta_L = 2.200000000000000e-22
# eta_B = 0.000000000000000e+00
#	T		Y_L		Y_B		BAU		Ups_L		Ups_B
	1.100000000000000e+01		-1.775634626161706e-09		5.478631108771078e-10		6.008863775254957e-10		-1.643634626161706e-09		5.478631108771078e-10
	1.104000000000000e+01		-1.788081518016760e-09		5.477638865297620e-10		6.007775500511591e-10		-1.643346396125859e-09		5.477638865297620e-10
	1.108000000000000e+01		-1.801728583210820e-09		5.476544987630661e-10		6.006575755218095e-10		-1.643029677841322e-09		5.476544987630661e-10
	1.112000000000000e+01		-1.816691482105767e-09		5.475338429288860e-10		6.005252423792993e-10		-1.642681592616322e-09		5.475338429288860e-10
	1.116000000000000e+01		-1.833097010042121e-09		5.474006811598838e-10		6.003791929530612e-10		-1.642298960303658e-09		5.474006811598838e-10
	1.120000000000000e+01		-1.851084167774361e-09		5.472536236095316e-10		6.002179028844937e-10		-1.641878266369494e-09		5.472536236095316e-10
	1.124000000000000e+01		-1.870805334684950e-09		5.470911065356887e-10		6.000396570894244e-10		-1.641415625290032e-09		5.470911065356887e-10
	1.128000000000000e+01		-1.892427554898526e-09		5.469113665341896e-10		5.998425214979729e-10		-1.640906740127378e-09		5.469113665341896e-10
	1.132000000000000e+01		-1.916133947173508e-09		5.467124101676189e-10		5.996243097439401e-10		-1.640346857900774e-09		5.467124101676189e-10
	1.136000000000000e+01		-1.942125250737771e-09		5.464919780000842e-10		5.993825437187957e-10		-1.639730720572425e-09		5.464919780000842e-10
	1.140000000000000e+01		-1.970621520741803e-09		5.462475017450309e-10		5.991144065721739e-10		-1.639052511782539e-09		5.462475017450309e-10
	1.144000000000000e+01		-2.001863988007525e-09		5.459760530968203e-10		5.988166865912714e-10		-1.638305799166887e-09		5.459760530968203e-10
	1.148000000000000e+01		-2.036117100569444e-09		5.456742820765738e-10		5.984857095796821e-10		-1.637483473476378e-09		5.456742820765738e-10
	1.152000000000000e+01		-2.073670765289263e-09		5.453383426557487e-10		5.981172572826760e-10		-1.636577684932243e-09		5.453383426557487e-10
	1.156000000000000e+01		-2.114842812071078e-09		5.449638022024958e-10		5.977064680695977e-10		-1.635579779774544e-09		5.449638022024958e-10
	1.160000000000000e+01		-2.159981705287520e-09		5.445455307983591e-10		5.972477155384191e-10		-1.634480240156903e-09		5.445455307983591e-10
	1.164000000000000e+01		-2.209469532403411e-09		5.440775648977165e-10		5.967344589798740e-10		-1.633268633846392e-09		5.440775648977165e-10
	1.168000000000000e+01		-2.263725304842189e-09		5.435529383736998e-10		5.961590580716700e-10		-1.631933582976307e-09		5.435529383736998e-10
	1.172000000000000e+01		-2.323208615034344e-09		5.429634713885110e-10		5.955125413152599e-10		-1.630462767504644e-09		5.429634713885110e-10
	1.176000000000000e+01		-2.388423703376765e-09		5.422995048080827e-10		5.947843147466325e-10		-1.628842986091717e-09		5.422995048080827e-10
	1.180000000000000e+01		-2.459924008088389e-09		5.415495624062028e-10		5.939617914478893e-10		-1.627060313374533e-09		5.415495624062028e-10
	1.184000000000000e+01		-2.538317290967262e-09		5.406999180321952e-10		5.930299168245641e-10		-1.625100409354266e-09		5.406999180321952e-10
	1.188000000000000e+01		-2.624271471344887e-09		5.397340347259354e-10		5.919705534370902e-10		-1.622949072306365e-09		5.397340347259354e-10
	1.192000000000000e+01		-2.718521342903441e-09		5.386318336459679e-10		5.907616791743459e-10		-1.620593165047915e-09		5.386318336459679e-10
	1.196000000000000e+01		-2.821876405929201e-09		5.373687399928359e-10		5.893763408395731e-10		-1.618022097979401e-09		5.373687399928359e-10
	1.200000000000000e+01		-2.935230079564306e-09		5.359144561688287e-10		5.877813085741180e-10		-1.615230079564306e-09		5.359144561688287e-10
	1.204000000000000e+01		-3.059570548661799e-09		5.342314365013315e-10		5.859354029615143e-10		-1.612219329752794e-09		5.342314365013315e-10
	1.208000000000000e+01		-3.195993362682921e-09		5.322731111013215e-10		5.837875469875206e-10		-1.609004308987936e-09		5.322731111013215e-10
	1.212000000000000e+01		-3.345715642932551e-09		5.299820260848896e-10		5.812747262686321e-10		-1.605616748038093e-09		5.299820260848896e-10
	1.216000000000000e+01		-3.510091346748922e-09		5.272882334283317e-10		5.783202230741892e-10		-1.602110849364297e-09		5.272882334283317e-10
	1.220000000000000e+01		-3.690626622391792e-09		5.241084197940658e-10		5.748326608383576e-10		-1.598567608343123e-09		5.241084197940658e-10
	1.224000000000000e+01		-3.888994030278403e-09		5.203463434056526e-10		5.707064833167707e-10		-1.595096936329227e-09		5.203463434056526e-10
	1.228000000000000e+01		-4.107044480048299e-09		5.158950843926190e-10		5.658244227241394e-10		-1.591836332336813e-09		5.158950843926190e-10
	1.232000000000000e+01		-4.346816172997165e-09		5.106413918987632e-10		5.600622675642275e-10		-1.588945280269833e-09		5.106413918987632e-10
	1.236000000000000e+01		-4.610540697587850e-09		5.044720291008126e-10		5.532958217318622e-10		-1.586595395934390e-09		5.044720291008126e-10
	1.240000000000000e+01		-4.900647347672282e-09		4.972816071916781e-10		5.454094966844565e-10		-1.584957258079637e-09		4.972816071916781e-10
	1.244000000000000e+01		-5.219767528192707e-09		4.889810487339221e-10		5.363055938954286e-10		-1.584185639786327e-09		4.889810487339221e-10
	1.248000000000000e+01		-5.570741495393017e-09		4.795056361808996e-10		5.259131323270087e-10		-1.584405224462356e-09		4.795056361808996e-10
	1.252000000000000e+01		-5.956629850548832e-09		4.688215969298305e-10		5.141950707976658e-10		-1.585699046978629e-09		4.688215969298305e-10
	1.256000000000000e+01		-6.380731234317522e-09		4.569304551915845e-10		5.011530810343878e-10		-1.588100911352185e-09		4.569304551915845e-10
	1.260000000000000e+01		-6.846607651972666e-09		4.438706351838656e-10		4.868293060260473e-10		-1.591593000666503e-09		4.438706351838656e-10
	1.264000000000000e+01		-7.358117388967492e-09		4.297162923351484e-10		4.713050781089621e-10		-1.596108403397301e-09		4.297162923351484e-10
	1.268000000000000e+01		-7.919454875830817e-09		4.145736846546354e-10		4.546969391509183e-10		-1.601537657171991e-09		4.145736846546354e-10
	1.272000000000000e+01		-8.535197116867170e-09		3.985755551453155e-10		4.371504792831442e-10		-1.607738641570172e-09		3.985755551453155e-10
	1.276000000000000e+01		-9.210354901722897e-09		3.818743357317908e-10		4.188328830909406e-10		-1.614547728872426e-09		3.818743357317908e-10
	1.280000000000000e+01		-9.950428202920740e-09		3.646348108760865e-10		3.999248831998354e-10		-1.621791255782190e-09		3.646348108760865e-10
	1.284000000000000e+01		-1.076146487499908e-08		3.470269071814699e-10		3.806128520431160e-10		-1.629296058869119e-09		3.470269071814699e-10
	1.288000000000000e+01		-1.165012229772462e-08		3.292191180939399e-10		3.610815901930291e-10		-1.636898307339393e-09		3.292191180939399e-10
	1.292000000000000e+01		-1.262373200013616e-08		3.113729076587407e-10		3.415081885018721e-10		-1.644450221580904e-09		3.113729076587407e-10
	1.296000000000000e+01		-1.369036767531864e-08		2.936382811650590e-10		3.220571700649939e-10		-1.651824595820636e-09		2.936382811650590e-10
	1.300000000000000e+01		-1.485891725062289e-08		2.761505780965731e-10		3.028769727868072e-10		-1.658917250622894e-09		2.761505780965731e-10
	1.304000000000000e+01		-1.613915939464859e-08		2.590284409009176e-10		2.840977215637771e-10		-1.665647205558549e-09		2.590284409009176e-10
	1.308000000000000e+01		-1.754184640490382e-08		2.423728010222050e-10		2.658301161831810e-10		-1.671955867953970e-09		2.423728010222050e-10
	1.312000000000000e+01		-1.907879464570942e-08		2.262667420476697e-10		2.481652812248160e-10		-1.677805696764850e-09		2.262667420476697e-10
	1.316000000000000e+01		-2.076298214295879e-08		2.107760620471747e-10		2.311753828248268e-10		-1.683177169112548e-09		2.107760620471747e-10
	1.320000000000000e+01		-2.260865545084251e-08		1.959503212800030e-10		2.149147777816152e-10		-1.688065310355815e-09		1.959503212800030e-10
	1.324000000000000e+01		-2.463144951636806e-08		1.818242399393638e-10		1.994215465768022e-10		-1.692478576876308e-09		1.818242399393638e-10
	1.328000000000000e+01		-2.684851500268455e-08		1.684193082777198e-10		1.847192593316423e-10		-1.696433525569687e-09		1.684193082777198e-10
	1.332000000000000e+01		-2.927866388438738e-08		1.557454590137950e-10		1.708188100728635e-10		-1.699954957114061e-09		1.557454590137950e-10
	1.336000000000000e+01		-3.194252391320113e-08		1.438027709107724e-10		1.577202851865041e-10		-1.703070896666523e-09		1.438027709107724e-10
	1.340000000000000e+01		-3.486271460254360e-08		1.325830780620077e-10		1.454147284534551e-10		-1.705813706617141e-09		1.325830780620077e-10
	1.344000000000000e+01		-3.806403443142358e-08		1.220714908097197e-10		1.338858091656454e-10		-1.708215547359782e-09		1.220714908097197e-10
	1.348000000000000e+01		-4.157367195519487e-08		1.122477744825037e-10		1.231113343004761e-10		-1.710309245888256e-09		1.122477744825037e-10
	1.352000000000000e+01		-4.542143523667148e-08		1.030875726046625e-10		1.130645901147502e-10		-1.712127200969460e-09		1.030875726046625e-10
	1.356000000000000e+01		-4.964000289741004e-08		9.456348644532536e-11		1.037155261746738e-10		-1.713699667756663e-09		9.456348644532536e-11
	1.360000000000000e+01		-5.426520151611935e-08		8.664599989422797e-11		9.503176974292725e-11		-1.715055003057712e-09		8.664599989422797e-11
	1.364000000000000e+01		-5.933630940611455e-08		7.930426209383570e-11		8.697948415546181e-11		-1.716219550412638e-09		7.930426209383570e-11
	1.368000000000000e+01		-6.489638953162591e-08		7.250674065961287e-11		7.952408526170735e-11		-1.717217345037647e-09		7.250674065961287e-11
	1.372000000000000e+01		-7.099265480209062e-08		6.622175744842653e-11		7.263082904569349e-11		-1.718070049120638e-09		6.622175744842653e-11
	1.376000000000000e+01		-7.767686872546411e-08		6.041792001549197e-11		6.626528484024470e-11		-1.718796996959395e-09		6.041792001549197e-11
	1.380000000000000e+01		-8.500578478668378e-08		5.506446219288999e-11		6.039370886735463e-11		-1.719415315298270e-09		5.506446219288999e-11
	1.384000000000000e+01		-9.304162837573908e-08		5.013150656916766e-11		5.498333212107754e-11		-1.719940214439463e-09		5.013150656916766e-11
	1.388000000000000e+01		-1.018526253287650e-07		4.559026082426747e-11		5.000257570413702e-11		-1.720385424912737e-09		4.559026082426747e-11
	1.392000000000000e+01		-1.115135798860593e-07		4.141315846114771e-11		4.542120517982875e-11		-1.720762100506769e-09		4.141315846114771e-11
	1.396000000000000e+01		-1.221065106191597e-07		3.757395237201314e-11		4.121043319377443e-11		-1.721079824179570e-09		3.757395237201314e-11
	1.400000000000000e+01		-1.337213483230455e-07		3.404777139524498e-11		3.734298150454248e-11		-1.721348323045516e-09		3.404777139524498e-11
	1.404000000000000e+01		-1.464566963515502e-07		3.081114679695666e-11		3.379311002814073e-11		-1.721574460649802e-09		3.081114679695666e-11
	1.408000000000000e+01		-1.604206703942806e-07		2.784201247717946e-11		3.053661706415698e-11		-1.721765024782086e-09		2.784201247717946e-11
	1.412000000000000e+01		-1.757318138381545e-07		2.511968817525924e-11		2.755082087574123e-11		-1.721924348708738e-09		2.511968817525924e-11
	1.416000000000000e+01		-1.925201088604395e-07		2.262484547533282e-11		2.481452240502528e-11		-1.722059121977051e-09		2.262484547533282e-11
	1.420000000000000e+01		-2.109280734836074e-07		2.033946549166685e-11		2.230795886316572e-11		-1.722172078740468e-09		2.033946549166685e-11
	1.424000000000000e+01		-2.311119761389481e-07		1.824678617295750e-11		2.001274593465035e-11		-1.722266744030554e-09		1.824678617295750e-11
	1.428000000000000e+01		-2.532431599847262e-07		1.633124554978935e-11		1.791181553213484e-11		-1.722345213577568e-09		1.633124554978935e-11
	1.432000000000000e+01		-2.775095007865770e-07		1.457842055544444e-11		1.598934869620963e-11		-1.722411513843749e-09		1.457842055544444e-11
	1.436000000000000e+01		-3.041169973530926e-07		1.297496495823480e-11		1.423070752070182e-11		-1.722467187746509e-09		1.297496495823480e-11
	1.440000000000000e+01		-3.332915235268580e-07		1.150854588296813e-11		1.262236553056383e-11		-1.722514567593408e-09		1.150854588296813e-11
	1.444000000000000e+01		-3.652807411953046e-07		1.016778134638758e-11		1.115183917187047e-11		-1.722552354666583e-09		1.016778134638758e-11
	1.448000000000000e+01		-4.003562125522144e-07		8.942178319197867e-12		9.807619879366384e-12		-1.722585459148261e-09		8.942178319197867e-12
	1.452000000000000e+01		-4.388156928043446e-07		7.822073573430377e-12		8.579109198923222e-12		-1.722612447324371e-09		7.822073573430377e-12
	1.456000000000000e+01		-4.809856669429669e-07		6.798575821120791e-12		7.456555326284866e-12		-1.722634646433108e-09		6.798575821120791e-12
	1.460000000000000e+01		-5.272241192002230e-07		5.863510857562751e-12		6.430992941177624e-12		-1.722654069606642e-09		5.863510857562751e-12
	1.464000000000000e+01		-5.779235684044574e-07		5.009369357644060e-12		5.494185951273421e-12		-1.722669847438281e-09		5.009369357644060e-12
	1.468000000000000e+01		-6.335144044851610e-07		4.229257324846613e-12		4.638573145546743e-12		-1.722682619278349e-09		4.229257324846613e-12
	1.472000000000000e+01		-6.944685410525600e-07		3.516849530085986e-12		3.857217126833772e-12		-1.722693522860138e-09		3.516849530085986e-12
	1.476000000000000e+01		-7.613034202400487e-07		2.866345780427651e-12		3.143756348149172e-12		-1.722702955001519e-09		2.866345780427651e-12
	1.480000000000000e+01		-8.345864048510081e-07		2.272429975155665e-12		2.492360206120779e-12		-1.722710137153033e-09		2.272429975155665e-12
	1.484000000000000e+01		-9.149395989152401e-07		1.730231861281436e-12		1.897687095121484e-12		-1.722717302243892e-09		1.730231861281436e-12
	1.488000000000000e+01		-1.003045121748953e-06		1.235291510769804e-12		1.354845446531559e-12		-1.722722710430327e-09		1.235291510769804e-12
	1.492000000000000e+01		-1.099650904472180e-06		7.835262191901428e-13		8.593574237762848e-13		-1.722726616653806e-09		7.835262191901428e-13
	1.496000000000000e+01		-1.205577038318842e-06		3.711998653165800e-13		4.071253164881623e-13		-1.722730369041617e-09		3.711998653165800e-13
	1.500000000000000e+01		-1.320000000000000e-06		0.000000000000000e+00		0.000000000000000e+00		0.000000000000000e+00		0.000000000000000e+00
