# eta_L = 9.300000000000000e-22
# eta_B = 0.000000000000000e+00
# T_R = 2.959439359568066e+11
# T_S = 6.794432215681415e+12
#x_sph = 1.000000000000000e+00
# m_nu = 3.500000000000000e-10
#	T		U_m		U_p
	1.100000000000000e+01		-4.005013195348389e-09		-1.341551760894529e-14
	1.104000000000000e+01		-4.004838746642755e-09		-1.641771847920692e-14
	1.108000000000000e+01		-4.004644230997910e-09		-2.012618888960583e-14
	1.112000000000000e+01		-4.004426996680820e-09		-2.471866119664629e-14
	1.116000000000000e+01		-4.004183971034662e-09		-3.042154649323128e-14
	1.120000000000000e+01		-4.003911579627066e-09		-3.752459856143340e-14
	1.124000000000000e+01		-4.003605647118289e-09		-4.640049135720221e-14
	1.128000000000000e+01		-4.003261275157599e-09		-5.753113594907503e-14
	1.132000000000000e+01		-4.002872691291235e-09		-7.154322048674276e-14
	1.136000000000000e+01		-4.002433061142663e-09		-8.925662552586766e-14
	1.140000000000000e+01		-4.001934253882210e-09		-1.117507635159503e-13
	1.144000000000000e+01		-4.001366548087336e-09		-1.404564383386018e-13
	1.148000000000000e+01		-4.000718261303905e-09		-1.772835275316757e-13
	1.152000000000000e+01		-3.999975281733601e-09		-2.248002783963244e-13
	1.156000000000000e+01		-3.999120474220931e-09		-2.864871202913375e-13
	1.160000000000000e+01		-3.998132924825115e-09		-3.670979871925462e-13
	1.164000000000000e+01		-3.996986978605944e-09		-4.731795889028255e-13
	1.168000000000000e+01		-3.995651013824580e-09		-6.138210972556718e-13
	1.172000000000000e+01		-3.994085883371326e-09		-8.017443659167323e-13
	1.176000000000000e+01		-3.992242942477888e-09		-1.054890860030396e-12
	1.180000000000000e+01		-3.990061575034044e-09		-1.398733414924935e-12
	1.184000000000000e+01		-3.987466136116631e-09		-1.869618609296093e-12
	1.188000000000000e+01		-3.984362258366805e-09		-2.519525788666914e-12
	1.192000000000000e+01		-3.980632541566489e-09		-3.422657214764464e-12
	1.196000000000000e+01		-3.976131776935852e-09		-4.684169345459244e-12
	1.200000000000000e+01		-3.970682062460642e-09		-6.451021599663212e-12
	1.204000000000000e+01		-3.964068434135448e-09		-8.924277865712875e-12
	1.208000000000000e+01		-3.956035923930124e-09		-1.237127379014346e-11
	1.212000000000000e+01		-3.946289182812061e-09		-1.713511631170433e-11
	1.216000000000000e+01		-3.934495844105283e-09		-2.363825809471279e-11
	1.220000000000000e+01		-3.920294607146947e-09		-3.237704954634325e-11
	1.224000000000000e+01		-3.903308474152727e-09		-4.390505726572475e-11
	1.228000000000000e+01		-3.883162823777325e-09		-5.880489934888735e-11
	1.232000000000000e+01		-3.859507164546082e-09		-7.765067439897109e-11
	1.236000000000000e+01		-3.832038558826329e-09		-1.009649644442546e-10
	1.240000000000000e+01		-3.800524425295007e-09		-1.291760745524891e-10
	1.244000000000000e+01		-3.764822065883448e-09		-1.625807688165722e-10
	1.248000000000000e+01		-3.724892975424527e-09		-2.013174531963173e-10
	1.252000000000000e+01		-3.680810374161414e-09		-2.453524528086302e-10
	1.256000000000000e+01		-3.632759522112364e-09		-2.944803620094449e-10
	1.260000000000000e+01		-3.581030644828171e-09		-3.483367771141414e-10
	1.264000000000000e+01		-3.526006298969048e-09		-4.064217631517980e-10
	1.268000000000000e+01		-3.468143889133060e-09		-4.681298551023849e-10
	1.272000000000000e+01		-3.407955603432872e-09		-5.327834034773378e-10
	1.276000000000000e+01		-3.345987423092393e-09		-5.996662177679086e-10
	1.280000000000000e+01		-3.282798489675369e-09		-6.680544229210698e-10
	1.284000000000000e+01		-3.218942200828812e-09		-7.372431142740294e-10
	1.288000000000000e+01		-3.154950181515510e-09		-8.065680354523174e-10
	1.292000000000000e+01		-3.091319181778056e-09		-8.754215145345752e-10
	1.296000000000000e+01		-3.028501167421921e-09		-9.432629784729105e-10
	1.300000000000000e+01		-2.966897091841528e-09		-1.009625198076677e-09
	1.304000000000000e+01		-2.906853463986424e-09		-1.074116366566295e-09
	1.308000000000000e+01		-2.848659864077883e-09		-1.136417372827417e-09
	1.312000000000000e+01		-2.792552011093914e-09		-1.196280264022045e-09
	1.316000000000000e+01		-2.738712420021498e-09		-1.253520935108656e-09
	1.320000000000000e+01		-2.687274786477992e-09		-1.308013426777655e-09
	1.324000000000000e+01		-2.638328825153515e-09		-1.359683392210864e-09
	1.328000000000000e+01		-2.591924742217326e-09		-1.408500643013612e-09
	1.332000000000000e+01		-2.548078291908608e-09		-1.454472317907022e-09
	1.336000000000000e+01		-2.506775746815950e-09		-1.497636411973185e-09
	1.340000000000000e+01		-2.467978661786381e-09		-1.538055834674297e-09
	1.344000000000000e+01		-2.431629069724800e-09		-1.575813818750264e-09
	1.348000000000000e+01		-2.397652843979740e-09		-1.611008497574118e-09
	1.352000000000000e+01		-2.365962279714794e-09		-1.643747751076099e-09
	1.356000000000000e+01		-2.336462196334906e-09		-1.674148610305344e-09
	1.360000000000000e+01		-2.309050070969767e-09		-1.702331654286613e-09
	1.364000000000000e+01		-2.283619951698307e-09		-1.728420107880684e-09
	1.368000000000000e+01		-2.260063951248594e-09		-1.752537342707774e-09
	1.372000000000000e+01		-2.238273490038904e-09		-1.774804866470886e-09
	1.376000000000000e+01		-2.218142540172639e-09		-1.795342967939740e-09
	1.380000000000000e+01		-2.199562418562395e-09		-1.814263465933153e-09
	1.384000000000000e+01		-2.182435007245853e-09		-1.831681393813054e-09
	1.388000000000000e+01		-2.166659907322341e-09		-1.847700998743933e-09
	1.392000000000000e+01		-2.152143878937082e-09		-1.862424397982850e-09
	1.396000000000000e+01		-2.138795363659413e-09		-1.875945589486094e-09
	1.400000000000000e+01		-2.126530694609597e-09		-1.888356393261628e-09
	1.404000000000000e+01		-2.115270055936835e-09		-1.899742325049190e-09
	1.408000000000000e+01		-2.104934822219601e-09		-1.910180003288788e-09
	1.412000000000000e+01		-2.095456203494764e-09		-1.919745982826036e-09
	1.416000000000000e+01		-2.086766580131267e-09		-1.928508362927634e-09
	1.420000000000000e+01		-2.078803039750877e-09		-1.936530668550220e-09
	1.424000000000000e+01		-2.071509808337894e-09		-1.943874672611100e-09
	1.428000000000000e+01		-2.064833327412061e-09		-1.950595895259089e-09
	1.432000000000000e+01		-2.058720246370299e-09		-1.956742038598098e-09
	1.436000000000000e+01		-2.053128929938836e-09		-1.962364946619036e-09
	1.440000000000000e+01		-2.048013979474758e-09		-1.967505577095003e-09
	1.444000000000000e+01		-2.043336051721825e-09		-1.972204268052992e-09
	1.448000000000000e+01		-2.039058344908333e-09		-1.976497659875947e-09
	1.452000000000000e+01		-2.035148888886541e-09		-1.980421407887750e-09
	1.456000000000000e+01		-2.031576083572954e-09		-1.984006126300941e-09
	1.460000000000000e+01		-2.028311367879647e-09		-1.987280444565546e-09
	1.464000000000000e+01		-2.025330263779567e-09		-1.990272419129555e-09
	1.468000000000000e+01		-2.022604871983215e-09		-1.993002376459658e-09
	1.472000000000000e+01		-2.020117057587075e-09		-1.995496426105215e-09
	1.476000000000000e+01		-2.017845981721208e-09		-1.997774298973007e-09
	1.480000000000000e+01		-2.015770282904600e-09		-1.999851815817114e-09
	1.484000000000000e+01		-2.013876288382261e-09		-2.001749366439908e-09
	1.488000000000000e+01		-2.012148323316840e-09		-2.003482467990432e-09
	1.492000000000000e+01		-2.010568893863230e-09		-2.005062179553037e-09
	1.496000000000000e+01		-2.009127960206762e-09		-2.006504589858936e-09
	1.500000000000000e+01		0.000000000000000e+00		0.000000000000000e+00
